299 9998
51 7
66 20
146 18
151 19
154 15
157 12
162 8
199 15
215 14
227 9
338 17
339 19
373 7
379 14
383 5
683 3
684 7
687 20
688 7
713 16
728 10
794 18
810 12
838 10
841 7
854 5
863 19
909 20
915 10
981 9
1030 9
1085 15
1091 5
1145 1
1188 14
1210 14
1225 1
1262 5
1278 1
1286 18
1349 9
1390 10
1393 10
1419 7
1433 14
1445 20
1461 18
1469 20
1486 11
1500 14
1538 1
1540 13
1557 18
1589 1
1666 14
1712 15
1754 15
1904 17
1930 2
1952 10
1988 8
2015 13
2022 1
2022 5
2040 10
2088 5
2104 5
2188 1
2204 11
2217 6
2231 9
2424 10
2427 11
2445 16
2451 19
2508 7
2525 6
2543 18
2547 16
2548 20
2554 3
2562 1
2572 19
2608 18
2635 6
2651 1
2658 9
2674 13
2785 8
2866 17
2950 5
2976 16
2990 9
3031 5
3074 8
3101 4
3123 8
3170 14
3178 5
3186 12
3311 6
3331 16
3336 13
3391 5
3555 10
3569 14
3625 16
3698 7
3709 9
3711 13
3718 1
3794 9
3833 10
3859 12
3883 9
3888 3
3988 10
4094 20
4149 7
4179 10
4241 17
4243 20
4289 16
4303 14
4316 10
4330 17
4366 15
4378 18
4378 17
4384 19
4401 13
4448 3
4457 20
4523 5
4539 2
4574 13
4639 20
4655 20
4671 13
4819 11
4888 20
4898 15
4917 10
4924 13
5054 2
5058 19
5097 7
5101 20
5192 14
5193 11
5198 17
5199 20
5207 13
5229 12
5268 7
5318 8
5361 3
5374 1
5391 15
5398 5
5460 19
5519 12
5539 5
5541 18
5611 10
5617 6
5625 14
5633 12
5636 19
5707 9
5732 10
5763 7
5763 15
5802 1
5806 20
5815 2
5856 1
5882 17
5918 9
5960 5
5985 18
6006 18
6024 20
6064 13
6084 14
6130 16
6160 2
6175 18
6255 12
6277 18
6300 10
6310 19
6334 13
6388 8
6457 9
6475 1
6484 8
6527 19
6544 14
6551 12
6649 6
6718 19
6726 3
6755 3
6796 10
6798 7
6804 13
6819 6
6880 1
6903 12
6915 6
6958 2
6996 18
7054 2
7136 2
7238 15
7328 2
7367 19
7389 12
7404 12
7444 1
7470 10
7520 17
7534 2
7559 18
7678 5
7682 13
7752 4
7793 10
7812 13
7815 3
7864 15
7867 16
7871 1
7874 15
7922 19
7942 13
8030 6
8070 3
8083 3
8147 1
8179 11
8191 4
8219 11
8224 19
8249 5
8289 9
8318 16
8372 11
8391 3
8406 15
8489 6
8518 6
8543 6
8586 13
8598 4
8649 20
8652 6
8755 1
8757 7
8769 4
8854 14
8875 19
8952 15
9022 3
9092 11
9094 4
9096 11
9097 8
9105 8
9169 20
9206 3
9241 8
9243 6
9258 18
9272 20
9337 19
9344 8
9347 7
9476 2
9496 12
9526 3
9541 2
9574 8
9586 15
9676 6
9700 16
9706 3
9709 13
9764 10
9772 9
9778 10
9822 2
9832 3
9865 12
9876 18
9915 2
9944 12
9953 5
