999 9997
9 19
10 3
12 6
15 17
25 8
41 20
49 20
54 16
88 17
103 7
140 15
143 13
146 11
148 8
171 11
173 1
193 6
208 20
220 7
221 7
226 17
236 3
238 11
240 20
247 13
251 16
257 12
260 4
262 18
264 4
268 14
311 10
325 15
333 18
343 12
364 3
373 16
381 7
382 3
383 6
397 10
404 11
408 18
423 4
438 17
451 9
472 6
472 4
478 4
480 18
503 19
533 15
562 4
563 9
575 20
577 20
577 4
579 14
592 6
596 12
600 5
603 15
606 4
610 15
612 7
615 14
621 7
628 12
657 13
667 3
684 2
685 12
688 7
700 11
710 18
713 14
734 14
735 2
740 14
741 7
784 6
789 19
814 11
856 14
868 6
895 18
895 1
904 4
911 15
915 17
918 19
919 9
923 17
965 13
968 2
981 8
992 11
1005 5
1012 1
1050 5
1057 17
1073 19
1084 1
1084 18
1107 12
1109 15
1109 1
1116 20
1147 8
1153 18
1158 18
1162 6
1166 12
1169 12
1171 19
1179 18
1218 5
1222 4
1224 5
1230 4
1248 14
1251 3
1252 16
1253 13
1264 20
1270 8
1278 3
1286 9
1288 3
1294 20
1302 19
1304 11
1312 10
1347 2
1363 15
1373 19
1380 1
1384 7
1390 12
1402 3
1405 5
1436 15
1441 10
1445 13
1460 2
1477 9
1479 12
1483 13
1501 19
1519 18
1525 18
1527 20
1529 13
1553 1
1576 9
1578 1
1591 20
1594 19
1601 5
1608 9
1610 11
1614 19
1614 13
1621 8
1652 2
1654 18
1662 2
1664 17
1665 2
1679 3
1698 11
1713 17
1714 19
1720 3
1730 9
1735 11
1750 16
1786 18
1788 16
1792 12
1799 6
1800 19
1802 7
1822 12
1828 8
1833 15
1869 7
1876 2
1877 3
1892 1
1900 19
1908 18
1914 19
1924 6
1926 11
1933 9
1941 15
1948 1
1954 13
1959 3
1975 7
1984 15
1988 15
1988 19
2014 4
2048 4
2052 5
2056 18
2059 18
2071 7
2075 4
2079 12
2080 8
2089 5
2092 4
2104 20
2105 19
2116 9
2117 20
2118 6
2118 15
2121 12
2122 8
2143 7
2156 3
2174 9
2214 10
2216 11
2219 15
2220 5
2228 20
2233 5
2240 20
2285 12
2296 14
2317 2
2366 6
2372 13
2373 1
2382 5
2410 4
2421 4
2452 12
2461 11
2464 11
2482 2
2492 20
2516 15
2520 14
2538 19
2550 9
2553 10
2561 10
2569 10
2571 6
2592 4
2602 3
2608 16
2615 12
2618 16
2630 4
2638 1
2650 18
2674 3
2689 9
2738 12
2739 13
2755 20
2759 3
2763 13
2768 13
2768 4
2768 14
2778 9
2785 1
2787 6
2807 17
2810 12
2823 1
2833 3
2838 5
2842 17
2843 18
2855 11
2875 18
2879 5
2894 4
2908 17
2913 19
2921 3
2927 2
2932 14
2946 8
2976 8
2977 13
2982 17
2993 6
3002 20
3019 8
3021 15
3021 5
3025 2
3031 20
3049 19
3061 4
3067 14
3079 1
3080 18
3089 8
3123 2
3126 18
3137 3
3142 20
3152 3
3172 16
3192 3
3209 1
3218 4
3226 6
3236 10
3244 2
3246 11
3258 8
3280 3
3286 9
3297 12
3322 12
3334 7
3335 11
3349 16
3350 16
3356 1
3374 10
3385 6
3394 16
3412 18
3413 10
3425 16
3446 13
3454 5
3455 6
3457 7
3461 19
3462 19
3469 11
3470 9
3488 1
3497 12
3533 13
3540 10
3541 7
3548 3
3558 18
3561 14
3563 15
3600 8
3603 1
3606 20
3620 18
3621 12
3623 20
3632 12
3632 15
3639 3
3659 8
3686 3
3689 8
3694 5
3725 4
3725 9
3734 17
3755 8
3760 1
3764 9
3765 11
3774 7
3791 6
3812 4
3814 18
3819 4
3841 12
3847 17
3857 1
3863 15
3865 10
3877 5
3892 5
3908 14
3912 13
3917 19
3928 13
3929 2
3957 1
3962 20
3971 10
3976 2
3977 17
3987 20
3992 4
4003 11
4010 14
4019 2
4026 6
4032 8
4038 15
4040 10
4072 8
4074 19
4102 1
4194 6
4201 19
4211 16
4212 19
4216 3
4237 3
4238 16
4247 14
4265 12
4277 11
4295 7
4310 6
4323 15
4323 16
4341 16
4343 10
4346 16
4358 13
4368 4
4379 7
4395 8
4407 7
4414 18
4415 8
4435 7
4439 18
4446 15
4450 6
4460 20
4477 13
4481 7
4484 8
4493 8
4500 4
4504 5
4511 3
4519 2
4579 1
4593 1
4617 14
4627 3
4630 1
4647 8
4655 10
4660 6
4671 15
4679 10
4691 11
4694 4
4696 13
4699 18
4705 16
4706 9
4713 15
4750 5
4777 2
4778 12
4785 10
4791 15
4792 8
4816 18
4816 6
4833 10
4834 11
4847 6
4847 10
4855 13
4870 14
4880 5
4889 6
4902 10
4919 14
4931 18
4932 20
4937 18
4938 15
4958 6
4967 13
4970 4
4994 8
5000 8
5004 4
5020 13
5025 14
5027 6
5032 11
5033 16
5040 16
5046 9
5046 10
5054 14
5077 15
5089 15
5093 6
5099 10
5107 10
5117 8
5141 7
5143 9
5154 14
5164 19
5179 12
5202 3
5208 18
5218 1
5225 10
5248 15
5249 15
5250 14
5292 4
5307 6
5312 5
5334 17
5348 7
5361 3
5367 7
5392 6
5400 10
5407 19
5413 2
5417 2
5417 6
5430 1
5437 17
5439 5
5470 19
5473 14
5483 1
5484 2
5490 4
5496 10
5516 17
5538 2
5556 10
5559 8
5581 10
5596 4
5597 16
5601 4
5608 8
5609 5
5610 7
5618 12
5630 6
5632 9
5633 10
5652 5
5661 9
5668 11
5672 6
5691 2
5693 20
5698 3
5711 19
5718 13
5719 20
5729 11
5748 8
5749 18
5758 16
5791 16
5797 5
5799 6
5801 1
5822 17
5829 8
5835 5
5842 10
5859 11
5890 14
5902 10
5911 12
5915 13
5931 6
5932 2
5937 19
5938 13
5952 6
5969 20
6002 10
6024 15
6054 18
6058 13
6065 6
6073 16
6092 15
6095 20
6100 2
6103 20
6117 9
6119 18
6123 11
6123 2
6125 19
6141 14
6145 4
6162 19
6168 13
6180 14
6187 18
6188 7
6188 5
6195 15
6199 1
6203 20
6233 12
6243 7
6248 16
6251 17
6266 5
6273 6
6317 8
6323 4
6337 6
6360 19
6361 4
6362 14
6369 15
6373 3
6375 9
6376 14
6397 5
6402 18
6409 6
6413 20
6419 20
6419 7
6437 20
6439 10
6447 3
6456 2
6465 6
6470 2
6511 15
6512 17
6534 5
6538 12
6542 3
6563 17
6570 5
6574 5
6577 4
6578 12
6590 5
6591 1
6592 13
6599 6
6602 2
6604 19
6606 19
6609 7
6620 19
6634 7
6637 2
6647 14
6649 1
6656 11
6666 17
6672 11
6678 11
6681 12
6685 13
6698 11
6704 14
6720 17
6724 9
6749 2
6759 14
6765 8
6771 18
6792 11
6800 6
6801 17
6813 19
6814 19
6819 7
6824 1
6862 1
6864 5
6872 12
6878 16
6881 8
6886 2
6902 14
6902 5
7006 19
7012 18
7023 12
7024 1
7027 6
7047 20
7052 19
7058 15
7073 3
7110 4
7115 10
7117 4
7121 19
7127 19
7128 18
7153 11
7160 5
7167 9
7169 7
7171 13
7174 18
7202 17
7209 8
7211 6
7237 13
7276 16
7288 14
7297 17
7299 4
7303 13
7318 16
7329 19
7334 19
7343 17
7346 15
7365 3
7388 16
7413 12
7438 2
7440 18
7453 16
7463 9
7466 2
7473 19
7482 10
7482 13
7486 19
7488 11
7508 19
7524 11
7532 20
7538 17
7545 18
7551 4
7554 2
7572 2
7586 13
7593 11
7596 20
7606 6
7611 12
7619 1
7619 11
7620 16
7626 4
7627 17
7630 6
7637 17
7643 1
7643 20
7649 10
7651 16
7654 14
7658 2
7692 18
7720 6
7728 4
7734 14
7801 3
7806 3
7825 14
7832 5
7834 9
7837 9
7845 13
7865 18
7870 7
7874 3
7882 8
7886 14
7889 10
7924 15
7924 4
7931 12
7934 17
7939 18
7942 9
7944 13
7951 9
7955 3
7959 14
7967 9
7967 9
7979 11
7987 8
7989 3
7992 18
8016 17
8024 10
8042 11
8043 16
8052 10
8056 1
8061 19
8064 6
8077 2
8082 12
8086 4
8099 17
8113 16
8126 20
8129 17
8152 12
8159 20
8159 13
8163 20
8165 8
8174 15
8199 14
8211 5
8247 12
8248 5
8252 7
8263 17
8284 1
8287 9
8288 10
8305 8
8312 14
8316 4
8330 4
8338 17
8368 8
8370 14
8386 4
8397 20
8408 19
8416 18
8426 3
8427 15
8449 14
8462 12
8480 16
8485 8
8488 6
8490 13
8491 1
8505 11
8512 10
8514 13
8516 14
8550 1
8553 3
8564 19
8577 9
8590 13
8593 12
8605 16
8607 15
8629 12
8649 18
8660 7
8675 2
8676 18
8680 5
8697 9
8732 6
8734 10
8753 12
8778 10
8778 3
8802 13
8811 16
8815 1
8821 20
8836 18
8849 4
8853 10
8865 17
8872 14
8873 1
8910 11
8918 19
8921 13
8931 6
8932 5
8936 18
8944 18
8947 20
8954 11
8957 17
8965 5
8974 10
8985 7
8989 1
9003 19
9009 5
9027 1
9028 9
9033 8
9072 13
9081 2
9083 18
9095 7
9106 13
9128 9
9130 11
9152 1
9154 10
9187 16
9193 17
9198 2
9210 11
9216 4
9226 12
9231 13
9236 17
9258 4
9264 19
9267 6
9268 3
9295 9
9304 19
9304 14
9309 14
9314 14
9316 3
9337 1
9347 6
9372 5
9377 8
9399 14
9402 2
9421 10
9423 9
9427 14
9428 11
9435 2
9441 7
9445 16
9447 12
9447 5
9459 10
9459 5
9463 2
9468 18
9468 13
9485 8
9501 12
9505 10
9510 20
9526 2
9529 7
9532 16
9541 16
9547 11
9563 18
9593 1
9607 13
9624 14
9630 10
9634 4
9642 3
9656 8
9667 3
9670 14
9722 4
9761 16
9761 16
9765 11
9767 3
9781 3
9786 2
9788 10
9800 14
9833 12
9842 8
9845 4
9858 13
9861 16
9865 19
9881 20
9888 18
9889 3
9890 6
9893 19
9893 14
9900 4
9901 10
9949 12
9966 19
9967 4
9973 19
9974 4
9981 5
