6999 10000
0 17
1 48
4 72
4 63
6 5
8 56
9 66
10 14
19 51
19 52
25 62
25 50
26 96
27 44
28 17
29 18
29 63
29 14
30 59
33 42
33 73
38 60
40 67
42 35
43 54
43 42
43 58
44 21
46 37
48 61
48 40
53 91
54 23
54 53
57 96
58 2
59 7
60 65
60 2
66 6
69 34
70 89
72 99
73 13
75 99
76 31
77 83
79 54
79 63
80 45
80 85
81 35
83 22
83 23
85 78
85 93
87 3
89 78
89 93
89 79
90 86
91 49
93 63
94 98
94 40
95 89
99 79
101 5
102 17
104 22
106 2
109 53
110 88
111 15
113 92
113 13
115 66
117 29
119 88
120 23
121 3
121 3
123 99
125 52
125 94
127 50
131 100
134 38
138 71
139 98
140 52
141 25
142 47
144 14
150 10
151 52
153 94
153 94
154 43
154 60
155 23
155 87
155 31
155 57
156 79
156 45
160 89
160 25
161 93
163 23
163 6
168 67
170 2
171 34
173 9
175 93
175 38
176 69
178 70
179 28
181 64
183 97
184 95
186 71
187 28
187 54
191 42
195 63
196 16
198 99
199 47
202 71
202 69
203 28
204 7
205 56
205 26
208 59
210 74
210 37
211 44
212 41
214 7
216 27
217 90
221 61
222 15
223 62
224 38
226 53
229 37
231 5
234 84
234 25
235 38
237 49
238 58
238 6
238 29
241 65
241 81
243 72
245 99
246 34
246 3
249 42
250 92
251 59
251 68
252 4
253 83
256 17
257 56
259 92
262 52
265 32
267 50
267 91
267 68
271 71
271 42
271 36
272 19
274 7
275 93
279 29
280 65
281 23
281 79
283 66
283 100
284 60
284 95
285 8
285 39
287 61
288 14
291 39
291 72
292 59
294 27
296 66
297 7
299 41
302 71
302 94
304 6
304 72
305 85
305 62
306 70
308 56
309 46
309 87
311 34
312 80
312 58
312 17
315 31
315 69
317 88
318 71
323 96
325 34
328 8
331 81
332 63
333 68
337 64
338 68
342 56
345 2
345 9
348 8
348 56
349 1
349 70
351 52
353 11
353 37
354 1
354 61
355 64
356 89
358 46
359 94
359 68
361 58
362 18
363 92
363 74
364 23
364 77
366 83
369 15
370 13
371 66
373 98
373 59
376 11
377 22
387 81
387 57
390 22
392 96
394 74
395 61
398 29
402 53
402 18
403 72
403 85
405 48
407 88
415 18
416 30
419 78
419 26
419 62
420 87
420 59
422 96
423 1
424 49
424 50
425 55
425 75
425 79
427 96
432 71
432 78
436 58
437 76
437 79
439 77
439 45
442 91
442 79
443 66
443 1
444 20
446 65
448 94
448 86
448 72
448 62
450 16
453 15
453 46
455 57
456 1
457 53
457 39
460 12
460 12
460 47
462 39
462 31
463 2
466 38
466 33
467 19
469 38
470 1
472 18
472 28
473 93
474 89
474 17
475 17
478 19
479 49
483 43
484 75
484 7
488 94
489 76
493 25
495 90
495 40
496 43
498 96
499 39
500 14
501 64
501 43
504 99
504 53
505 80
509 67
510 77
511 64
516 83
516 16
518 86
519 32
521 68
525 73
529 2
530 76
531 72
532 3
533 100
535 25
541 58
541 49
541 16
542 55
543 11
544 68
548 28
550 57
552 83
556 95
556 21
557 60
559 85
559 87
560 82
563 55
565 1
566 28
568 77
569 39
570 60
570 1
572 82
575 99
580 46
583 18
585 62
586 84
588 43
588 61
589 13
590 45
591 49
591 35
591 54
597 67
599 95
600 39
601 25
601 6
603 71
604 46
604 28
605 61
605 85
605 27
606 61
607 5
607 74
607 40
609 56
610 93
612 90
612 41
612 62
620 38
621 68
623 20
623 30
623 71
624 73
625 42
626 69
634 9
635 96
635 30
638 35
640 32
640 54
641 81
642 83
644 7
644 15
649 94
650 46
650 3
650 26
652 11
653 3
653 63
654 20
655 12
656 43
657 52
661 60
662 66
662 54
662 29
667 42
672 77
673 79
674 43
675 28
678 16
678 98
679 65
680 96
680 4
680 29
680 60
681 10
681 56
684 1
685 48
685 31
687 5
689 64
691 20
695 87
695 10
695 74
696 9
696 1
698 20
699 75
700 42
700 37
701 51
704 78
705 28
705 25
706 26
706 91
706 50
707 42
710 50
710 83
711 41
711 31
716 82
716 50
717 9
718 14
719 91
719 43
720 57
721 71
722 68
722 75
725 94
726 3
731 22
731 1
734 55
735 46
736 77
738 70
738 81
738 83
741 28
742 33
743 95
745 95
745 75
746 32
746 78
750 41
751 96
753 60
754 53
755 86
756 8
757 59
758 53
758 93
768 6
769 1
772 22
772 51
777 35
777 69
778 7
778 8
781 54
781 96
782 21
783 83
786 5
787 97
787 79
788 53
788 12
788 77
789 90
790 89
792 9
794 20
796 9
797 100
800 89
803 61
804 21
806 33
807 35
812 21
813 74
814 81
814 84
815 67
816 87
816 27
817 63
821 56
821 45
824 8
826 14
826 91
826 27
828 52
830 73
830 17
832 10
832 46
834 65
835 89
837 49
837 87
838 90
838 72
839 69
842 2
847 87
847 6
847 13
851 12
853 89
854 26
856 6
858 72
858 15
860 29
862 72
862 99
862 62
862 22
863 26
865 97
866 49
867 2
867 73
869 33
870 53
872 76
874 68
875 8
876 50
878 21
881 12
882 1
882 27
885 65
886 40
887 1
890 41
891 99
892 13
892 67
893 31
894 71
896 99
897 96
899 70
904 23
906 37
910 72
911 45
913 20
915 76
916 86
917 5
918 89
921 59
922 66
923 18
925 59
926 27
927 93
928 79
928 53
928 79
929 59
929 84
930 85
931 32
931 3
931 86
932 4
934 97
936 70
936 73
938 93
938 75
940 80
942 45
942 36
943 78
950 48
951 52
955 55
956 77
956 82
958 89
961 75
962 9
963 3
964 74
967 43
967 65
968 47
968 75
968 93
969 42
971 45
972 54
972 45
975 15
977 22
978 72
981 68
982 93
982 13
983 95
984 58
986 80
988 15
988 23
989 30
989 51
991 48
991 72
992 33
992 3
993 11
995 17
996 86
996 39
998 36
998 58
999 98
1000 40
1000 69
1001 96
1003 1
1005 41
1009 7
1010 67
1010 54
1011 95
1011 97
1012 90
1013 33
1014 9
1014 69
1019 90
1019 19
1020 16
1024 3
1025 18
1026 8
1026 52
1026 4
1028 59
1031 43
1032 92
1034 51
1034 52
1034 17
1035 77
1036 50
1037 2
1038 70
1039 94
1044 10
1047 81
1051 61
1051 4
1053 29
1054 52
1055 82
1057 34
1057 43
1058 56
1059 34
1062 17
1062 12
1062 48
1068 77
1071 29
1071 7
1075 65
1075 70
1076 49
1077 24
1079 58
1081 14
1081 74
1081 56
1082 20
1083 12
1083 11
1083 7
1087 39
1088 9
1089 97
1089 12
1090 70
1094 100
1097 63
1097 44
1098 81
1099 50
1099 14
1100 66
1101 69
1105 47
1107 1
1107 15
1108 42
1108 70
1110 77
1114 6
1115 91
1117 76
1119 66
1119 76
1123 93
1123 68
1124 27
1125 69
1127 64
1132 23
1133 61
1133 76
1133 35
1136 64
1137 79
1138 25
1139 66
1139 80
1140 82
1142 62
1142 90
1142 99
1145 93
1145 20
1146 99
1147 40
1150 21
1150 34
1150 56
1152 91
1155 94
1156 82
1156 38
1158 2
1158 55
1160 88
1160 53
1160 58
1163 40
1164 89
1165 60
1168 70
1169 75
1173 41
1174 91
1176 68
1178 17
1182 75
1184 63
1184 76
1185 81
1187 80
1187 68
1192 11
1193 93
1193 67
1194 9
1195 69
1195 85
1197 33
1201 71
1202 9
1206 58
1208 81
1212 1
1212 40
1215 4
1216 68
1217 12
1218 41
1218 18
1219 58
1221 39
1223 41
1224 61
1225 10
1225 51
1225 95
1225 68
1227 45
1228 60
1228 76
1228 44
1229 94
1229 49
1230 96
1231 96
1232 54
1233 43
1233 90
1235 85
1235 44
1235 37
1236 86
1236 67
1236 1
1236 16
1237 85
1237 69
1238 28
1239 51
1242 31
1242 27
1243 99
1245 7
1248 20
1249 55
1249 7
1250 8
1253 70
1254 58
1255 74
1257 93
1261 68
1261 67
1263 48
1264 26
1267 84
1267 28
1268 20
1271 48
1273 86
1274 93
1277 43
1278 3
1278 32
1278 27
1281 97
1283 34
1283 27
1283 34
1284 69
1285 26
1285 34
1286 69
1286 27
1287 19
1287 42
1294 29
1295 100
1299 20
1300 62
1301 69
1301 60
1302 57
1302 24
1303 6
1303 22
1305 91
1309 4
1309 19
1314 71
1316 22
1316 11
1317 29
1326 18
1327 13
1329 33
1329 96
1330 8
1331 49
1331 69
1333 31
1333 49
1335 14
1342 28
1344 70
1345 12
1346 90
1348 13
1349 59
1349 97
1350 16
1350 45
1351 51
1352 2
1354 90
1355 44
1356 21
1360 48
1360 57
1360 21
1368 39
1368 78
1369 68
1369 36
1371 9
1372 9
1373 20
1373 54
1374 48
1375 16
1376 80
1377 7
1377 80
1378 69
1380 13
1380 90
1381 100
1381 16
1384 6
1384 52
1386 69
1387 90
1387 72
1389 52
1389 38
1389 99
1389 55
1390 35
1395 48
1395 50
1396 14
1397 85
1398 6
1401 36
1401 78
1403 61
1405 1
1406 53
1407 38
1408 96
1408 89
1411 7
1416 83
1418 81
1418 37
1422 85
1424 24
1426 5
1427 97
1427 29
1428 42
1429 83
1430 55
1431 88
1432 44
1433 52
1434 24
1436 33
1437 64
1440 43
1441 15
1441 4
1443 19
1443 45
1443 58
1444 23
1445 27
1448 70
1450 85
1452 84
1453 20
1453 81
1453 1
1456 7
1456 1
1457 71
1461 10
1462 93
1462 47
1463 43
1465 27
1465 86
1465 98
1468 78
1468 69
1469 45
1470 77
1472 23
1473 55
1475 10
1476 32
1477 51
1479 2
1480 3
1482 100
1484 46
1486 77
1488 65
1489 1
1490 55
1491 53
1491 59
1492 70
1493 62
1494 90
1496 3
1496 28
1498 25
1500 83
1502 45
1503 66
1505 17
1507 80
1508 98
1511 5
1512 69
1516 91
1516 74
1521 13
1522 51
1523 25
1524 24
1525 73
1526 47
1527 1
1528 61
1530 78
1534 18
1537 85
1539 68
1540 59
1541 44
1542 93
1543 22
1545 73
1547 64
1549 54
1551 82
1554 35
1554 78
1554 4
1555 37
1559 62
1559 92
1560 30
1561 95
1561 57
1562 24
1562 93
1565 55
1566 97
1566 38
1566 52
1569 82
1577 98
1577 7
1578 28
1582 19
1583 91
1585 94
1588 96
1589 31
1589 37
1590 80
1592 65
1592 45
1594 31
1595 85
1596 47
1596 66
1596 62
1596 84
1597 53
1597 29
1598 13
1599 54
1599 15
1601 91
1601 69
1601 30
1602 27
1605 84
1606 61
1608 41
1608 90
1610 75
1610 74
1614 75
1614 19
1619 5
1621 28
1623 11
1623 92
1623 49
1624 54
1626 69
1627 17
1627 52
1628 77
1629 26
1634 79
1636 50
1636 60
1636 94
1637 50
1638 50
1638 32
1639 72
1641 65
1644 76
1644 1
1646 1
1649 77
1651 65
1651 26
1652 93
1654 33
1656 81
1657 75
1660 99
1664 38
1666 35
1668 81
1668 23
1669 67
1670 88
1670 40
1677 58
1680 1
1681 83
1682 99
1682 44
1684 24
1685 25
1687 63
1689 28
1689 39
1690 78
1695 67
1696 59
1697 70
1701 57
1701 44
1701 32
1702 23
1702 94
1703 90
1704 68
1705 23
1706 90
1709 96
1711 58
1712 69
1714 25
1714 75
1715 64
1715 39
1715 18
1720 98
1721 39
1721 13
1723 70
1730 66
1730 81
1735 48
1735 97
1735 86
1735 18
1737 20
1740 34
1740 71
1748 57
1749 84
1751 93
1751 40
1753 7
1755 33
1755 7
1757 66
1757 35
1758 78
1758 84
1760 73
1760 6
1760 56
1762 47
1762 76
1764 56
1764 34
1765 9
1765 11
1768 92
1769 21
1769 69
1770 48
1771 83
1772 97
1779 44
1780 57
1781 8
1782 73
1784 82
1785 26
1785 88
1788 89
1789 94
1789 44
1789 62
1790 23
1790 68
1790 42
1792 19
1792 96
1795 82
1797 41
1800 98
1802 43
1802 1
1803 61
1804 52
1808 70
1810 48
1810 97
1811 17
1812 21
1814 65
1814 34
1814 80
1816 73
1817 32
1823 99
1826 90
1828 6
1828 34
1829 85
1829 86
1831 59
1832 71
1832 44
1834 53
1834 89
1834 14
1837 63
1838 26
1839 67
1840 71
1840 54
1842 90
1844 38
1845 72
1847 10
1848 77
1848 21
1849 98
1853 7
1854 94
1854 89
1855 52
1857 76
1857 77
1858 38
1858 92
1860 94
1861 80
1861 11
1861 62
1863 16
1863 20
1865 52
1866 23
1870 55
1872 52
1875 83
1876 99
1876 35
1877 57
1879 53
1879 49
1882 67
1886 78
1888 53
1888 66
1888 52
1889 9
1890 81
1890 21
1894 9
1899 11
1901 1
1903 47
1906 34
1908 63
1908 70
1909 91
1911 37
1912 93
1912 40
1913 74
1913 100
1914 31
1914 86
1916 12
1917 95
1917 6
1920 61
1923 12
1924 39
1925 61
1925 36
1926 87
1926 44
1928 90
1929 88
1932 32
1933 93
1933 37
1933 64
1936 72
1951 90
1954 15
1954 57
1955 66
1957 61
1958 20
1961 95
1967 99
1969 44
1972 83
1975 61
1977 90
1978 87
1979 9
1985 71
1987 4
1988 75
1989 73
1989 10
1990 53
1992 31
1992 56
1993 14
1993 44
1999 32
2000 34
2003 43
2003 6
2005 6
2007 38
2007 76
2009 58
2009 28
2010 64
2010 5
2012 29
2012 63
2013 45
2014 67
2016 46
2019 86
2019 53
2021 42
2023 38
2024 86
2026 55
2027 37
2028 77
2028 43
2029 4
2032 80
2034 18
2038 48
2038 68
2042 17
2042 14
2042 21
2044 42
2045 30
2047 56
2048 39
2053 66
2054 59
2055 49
2058 50
2060 1
2061 33
2064 48
2065 29
2065 91
2066 28
2072 34
2073 49
2074 23
2076 39
2076 47
2076 89
2077 2
2078 82
2079 90
2080 98
2085 63
2086 10
2088 15
2089 68
2089 11
2092 15
2093 11
2093 2
2094 29
2094 85
2097 94
2098 24
2099 86
2099 71
2101 35
2103 20
2105 10
2106 69
2107 67
2108 7
2109 96
2110 28
2111 14
2115 4
2119 81
2121 28
2124 87
2128 45
2129 60
2130 28
2131 46
2132 38
2132 62
2133 4
2133 36
2134 28
2136 94
2141 34
2144 17
2145 91
2145 93
2145 12
2145 24
2145 82
2145 3
2146 74
2148 90
2149 77
2150 91
2152 33
2153 62
2153 50
2154 57
2155 72
2158 5
2158 10
2158 63
2162 97
2163 47
2165 28
2166 6
2168 41
2172 27
2181 78
2182 37
2183 94
2185 41
2186 68
2186 62
2188 68
2189 71
2193 95
2194 53
2195 59
2199 22
2200 79
2200 39
2200 73
2201 25
2201 43
2202 16
2203 49
2203 37
2203 72
2205 71
2205 9
2205 25
2206 89
2206 57
2209 94
2209 7
2210 91
2212 33
2213 27
2217 43
2218 58
2219 28
2219 8
2221 87
2222 17
2222 29
2222 71
2223 68
2225 20
2227 5
2227 18
2227 48
2228 40
2230 35
2233 53
2233 79
2235 65
2239 13
2240 1
2240 97
2242 78
2243 28
2244 89
2244 16
2245 4
2247 2
2247 15
2249 71
2250 18
2251 67
2254 28
2256 40
2260 57
2261 43
2261 86
2261 68
2261 65
2262 44
2265 33
2265 90
2265 69
2266 53
2266 17
2267 15
2267 9
2268 60
2271 84
2274 34
2276 11
2276 53
2278 21
2280 40
2280 28
2281 50
2281 70
2284 80
2287 51
2287 32
2290 52
2290 67
2293 6
2297 86
2301 70
2301 93
2301 21
2301 93
2303 28
2305 37
2307 9
2312 8
2314 72
2316 35
2316 34
2317 81
2317 60
2320 69
2320 95
2321 48
2321 76
2321 48
2324 4
2326 74
2328 73
2329 67
2330 19
2330 47
2332 18
2333 84
2334 1
2336 70
2339 49
2340 59
2340 37
2344 56
2348 35
2350 41
2351 73
2353 52
2358 10
2358 18
2361 1
2362 31
2366 26
2367 49
2368 82
2370 85
2372 79
2373 7
2375 88
2376 17
2377 27
2378 79
2379 70
2379 19
2380 73
2381 42
2382 81
2382 64
2383 99
2384 87
2385 92
2385 12
2386 2
2389 7
2392 4
2393 38
2393 65
2394 78
2397 20
2398 51
2399 40
2399 51
2400 41
2402 10
2406 93
2407 39
2412 51
2413 84
2413 6
2416 81
2416 21
2419 81
2423 87
2425 46
2425 28
2425 100
2426 73
2426 57
2431 7
2433 22
2443 23
2445 71
2445 91
2447 10
2447 7
2448 35
2451 43
2452 69
2452 86
2453 70
2456 52
2459 2
2459 34
2459 56
2461 54
2462 70
2464 7
2464 100
2466 76
2466 44
2467 21
2469 15
2473 6
2475 33
2477 94
2478 28
2479 42
2479 61
2480 85
2485 64
2486 73
2486 11
2486 76
2490 31
2493 14
2494 84
2496 35
2498 56
2498 55
2501 19
2501 92
2503 91
2506 96
2506 53
2507 68
2508 21
2508 2
2509 37
2511 58
2512 30
2512 100
2513 56
2516 79
2516 57
2517 24
2517 10
2518 82
2518 63
2518 11
2518 22
2518 97
2518 47
2519 52
2519 32
2520 68
2522 30
2522 8
2525 26
2529 56
2529 12
2530 50
2531 13
2532 77
2533 36
2533 100
2534 20
2534 50
2535 26
2535 42
2538 49
2538 32
2538 35
2539 93
2539 68
2541 66
2542 63
2543 13
2543 26
2544 41
2550 86
2551 89
2551 75
2553 21
2554 62
2555 6
2556 54
2556 29
2557 94
2560 23
2560 39
2560 25
2561 4
2563 25
2564 56
2566 95
2570 100
2570 39
2570 95
2573 96
2573 59
2575 70
2575 100
2575 39
2576 89
2577 30
2577 88
2579 41
2580 9
2580 94
2587 38
2587 77
2588 80
2589 23
2593 39
2594 13
2597 69
2597 72
2599 55
2601 81
2602 73
2602 42
2603 61
2604 22
2604 64
2605 80
2606 38
2606 12
2607 93
2608 7
2608 97
2608 38
2608 73
2609 99
2610 75
2611 97
2612 19
2612 67
2612 20
2613 96
2614 99
2615 75
2616 79
2616 12
2617 91
2618 73
2620 40
2621 41
2623 17
2624 34
2624 60
2625 54
2625 69
2627 33
2627 19
2630 67
2630 64
2634 11
2635 60
2636 86
2637 2
2638 27
2640 56
2641 40
2641 62
2643 87
2644 75
2646 44
2648 8
2650 91
2650 60
2651 55
2654 74
2661 41
2661 35
2661 80
2662 93
2662 10
2662 89
2669 69
2670 80
2670 53
2670 94
2671 90
2675 29
2675 95
2675 13
2677 36
2679 40
2680 47
2681 91
2682 35
2683 14
2685 23
2686 31
2687 38
2691 7
2694 23
2695 14
2697 38
2698 22
2699 20
2701 3
2704 70
2705 36
2706 46
2706 87
2706 83
2707 80
2708 56
2708 50
2709 17
2710 63
2710 35
2710 71
2711 99
2713 96
2713 54
2714 91
2714 33
2715 76
2720 26
2721 89
2721 73
2722 15
2723 82
2727 34
2729 100
2729 28
2733 67
2744 53
2746 37
2748 92
2749 81
2750 99
2750 25
2752 6
2754 91
2754 12
2755 91
2757 35
2764 58
2764 23
2764 25
2765 66
2766 73
2769 69
2770 63
2772 36
2772 49
2773 41
2775 18
2775 36
2775 53
2775 56
2776 78
2776 3
2781 18
2782 1
2785 10
2785 65
2789 92
2791 85
2794 35
2794 33
2795 86
2800 83
2800 48
2801 4
2801 68
2805 100
2806 14
2807 13
2807 27
2809 44
2809 1
2810 5
2811 75
2814 18
2816 56
2816 15
2817 76
2821 7
2826 79
2827 68
2827 48
2828 66
2829 80
2830 16
2832 74
2835 88
2835 8
2836 94
2838 20
2838 12
2839 2
2841 27
2842 54
2849 31
2853 23
2853 78
2856 30
2857 37
2857 34
2860 36
2862 57
2863 33
2865 97
2866 44
2867 9
2869 31
2869 80
2872 71
2873 30
2874 77
2874 84
2875 33
2875 32
2876 32
2885 73
2887 13
2887 46
2888 15
2890 74
2893 55
2894 20
2896 71
2896 60
2896 56
2897 27
2898 35
2901 10
2901 36
2903 51
2904 69
2905 81
2907 26
2909 3
2909 70
2913 61
2913 47
2916 24
2917 65
2919 1
2920 7
2921 33
2923 6
2925 61
2927 69
2927 75
2928 79
2929 99
2934 9
2937 97
2939 5
2940 28
2941 52
2945 68
2948 7
2949 87
2949 62
2949 32
2952 63
2952 69
2952 6
2953 84
2957 65
2959 33
2965 25
2969 17
2970 50
2971 85
2971 42
2978 66
2979 42
2979 93
2981 42
2981 12
2981 96
2984 62
2984 61
2984 42
2987 81
2988 56
2988 58
2988 1
2989 60
2991 78
2991 9
2993 33
2993 50
2994 29
2995 16
2997 81
2998 31
3001 4
3001 52
3003 53
3004 10
3004 76
3005 24
3008 10
3008 87
3011 61
3011 22
3014 8
3014 39
3014 6
3015 94
3015 14
3019 14
3019 91
3020 25
3020 85
3024 3
3024 22
3025 94
3027 1
3030 19
3031 44
3031 7
3036 33
3036 34
3041 16
3042 69
3042 17
3043 87
3044 95
3044 58
3045 22
3045 82
3045 4
3046 82
3046 44
3048 4
3056 41
3059 49
3059 70
3064 33
3065 94
3066 6
3066 57
3067 92
3067 36
3067 45
3068 57
3068 50
3070 79
3070 63
3071 33
3073 30
3074 58
3074 88
3074 17
3078 33
3078 10
3080 35
3080 58
3080 10
3082 82
3085 85
3091 28
3092 94
3092 47
3093 65
3093 42
3094 25
3095 21
3098 84
3099 33
3101 46
3104 91
3104 29
3109 84
3110 74
3110 37
3112 45
3118 24
3120 8
3120 48
3124 20
3124 60
3124 9
3125 60
3129 93
3130 85
3131 8
3133 76
3134 80
3135 31
3138 30
3140 25
3143 75
3145 21
3146 79
3147 19
3148 51
3148 56
3151 74
3152 45
3153 87
3154 75
3155 91
3156 47
3158 1
3160 83
3161 48
3162 90
3162 61
3164 55
3165 10
3167 26
3178 72
3182 84
3182 68
3183 46
3184 98
3184 66
3186 80
3186 63
3187 82
3190 40
3190 90
3193 100
3194 53
3194 42
3195 35
3196 50
3198 10
3199 85
3199 95
3200 37
3201 82
3202 21
3202 45
3205 72
3205 68
3205 29
3209 42
3211 75
3213 57
3214 70
3214 37
3214 79
3216 73
3216 8
3218 15
3219 36
3221 27
3221 94
3224 75
3224 81
3225 8
3225 96
3225 74
3228 59
3229 99
3230 83
3230 87
3231 54
3235 5
3237 71
3239 76
3241 65
3241 41
3243 23
3244 50
3244 12
3246 88
3247 96
3254 27
3255 68
3257 33
3258 14
3259 31
3259 13
3260 34
3261 27
3261 33
3261 14
3264 84
3264 18
3266 54
3271 36
3274 1
3276 29
3277 38
3279 38
3281 13
3287 97
3287 4
3289 41
3289 83
3290 29
3290 16
3291 69
3292 32
3293 50
3298 68
3298 73
3299 48
3302 11
3303 17
3304 5
3309 10
3310 69
3311 78
3313 22
3313 18
3315 99
3315 36
3315 28
3316 37
3319 2
3320 10
3320 70
3320 39
3322 38
3322 90
3323 53
3324 39
3324 94
3325 44
3326 9
3326 54
3328 87
3332 89
3333 85
3334 35
3337 48
3337 5
3338 73
3341 87
3343 78
3343 67
3343 82
3345 14
3347 48
3347 40
3348 20
3352 99
3355 7
3359 31
3362 94
3364 58
3367 78
3368 61
3368 53
3372 13
3372 31
3374 86
3375 64
3375 57
3376 55
3378 73
3379 72
3382 49
3386 52
3388 46
3388 85
3388 94
3390 82
3392 94
3395 94
3395 51
3395 16
3396 77
3398 39
3398 10
3398 27
3399 46
3399 49
3400 23
3401 43
3402 26
3405 68
3405 43
3407 47
3410 68
3410 91
3412 98
3412 71
3412 1
3413 79
3415 51
3416 36
3417 73
3422 52
3422 39
3425 6
3428 79
3428 13
3431 18
3431 24
3432 48
3432 22
3432 30
3433 27
3433 91
3438 68
3439 18
3439 87
3441 21
3442 15
3445 56
3445 38
3447 57
3447 14
3447 57
3448 67
3448 4
3450 2
3452 20
3452 32
3452 9
3454 98
3454 65
3454 98
3454 77
3455 3
3455 86
3459 64
3459 24
3460 1
3460 33
3468 91
3469 45
3472 59
3473 82
3473 34
3474 89
3475 53
3475 18
3475 82
3476 15
3478 100
3478 1
3478 26
3478 92
3479 8
3479 42
3480 99
3487 19
3487 88
3489 85
3494 41
3495 21
3500 13
3501 12
3502 83
3502 90
3503 15
3504 16
3506 82
3507 61
3508 65
3511 68
3514 85
3517 94
3518 55
3521 10
3529 45
3533 71
3534 38
3534 54
3536 57
3536 57
3538 86
3544 65
3546 10
3547 55
3548 82
3549 63
3552 39
3556 95
3558 67
3559 19
3561 69
3562 49
3564 16
3565 30
3565 60
3566 70
3567 74
3568 43
3569 55
3570 90
3572 97
3573 15
3576 3
3577 8
3580 64
3582 17
3584 51
3586 100
3587 31
3587 58
3587 76
3589 44
3592 11
3593 6
3594 90
3595 86
3595 56
3596 36
3596 48
3597 6
3598 49
3600 65
3601 54
3604 17
3605 95
3606 56
3609 13
3609 50
3610 18
3610 58
3613 45
3615 54
3615 53
3620 82
3622 73
3623 53
3625 12
3628 49
3628 30
3630 54
3630 72
3633 98
3634 39
3634 50
3635 65
3637 58
3637 77
3639 96
3639 26
3640 81
3640 40
3641 53
3641 80
3642 46
3643 7
3643 97
3644 82
3645 26
3645 95
3645 35
3647 45
3648 24
3649 23
3649 87
3650 13
3650 5
3652 56
3656 6
3660 89
3665 97
3667 81
3667 72
3669 41
3669 54
3670 19
3670 36
3670 70
3671 95
3672 85
3676 19
3678 52
3682 98
3683 36
3683 17
3683 6
3684 8
3684 28
3687 21
3688 89
3690 48
3691 28
3691 83
3692 45
3698 27
3699 17
3703 96
3703 69
3705 52
3705 70
3705 36
3705 21
3706 48
3711 60
3711 6
3714 58
3714 55
3716 98
3716 27
3718 52
3725 64
3726 13
3727 46
3727 70
3728 99
3729 24
3730 28
3732 65
3733 53
3735 24
3735 40
3736 32
3738 54
3740 69
3744 3
3744 48
3745 85
3746 26
3747 13
3748 93
3748 75
3749 12
3749 53
3749 82
3753 44
3754 10
3754 40
3755 43
3755 39
3756 81
3756 25
3756 89
3758 88
3758 61
3759 93
3759 60
3761 48
3762 29
3765 83
3765 67
3766 19
3768 77
3771 8
3773 23
3773 28
3774 94
3776 40
3776 12
3778 96
3781 16
3782 62
3785 45
3786 22
3786 22
3787 99
3788 70
3789 87
3790 25
3790 6
3790 68
3791 47
3791 84
3791 36
3796 19
3797 65
3800 60
3804 16
3806 46
3810 93
3811 37
3811 35
3813 50
3817 5
3818 30
3819 8
3821 58
3822 38
3823 84
3825 4
3828 3
3829 99
3831 30
3833 35
3834 25
3835 78
3836 56
3836 64
3836 47
3839 27
3847 76
3847 40
3847 85
3848 99
3848 60
3850 46
3855 96
3856 41
3858 36
3861 87
3863 4
3863 99
3864 97
3868 10
3868 20
3868 34
3870 27
3872 80
3873 13
3874 25
3874 33
3876 1
3876 99
3888 61
3890 91
3890 88
3893 97
3894 57
3894 63
3896 41
3900 11
3901 19
3902 99
3904 89
3907 70
3908 67
3909 79
3911 80
3912 90
3913 38
3916 32
3917 34
3918 14
3920 76
3920 57
3922 33
3924 67
3925 100
3925 91
3925 68
3925 56
3925 23
3926 70
3926 33
3926 46
3928 8
3931 77
3932 9
3932 92
3933 80
3935 17
3936 95
3938 92
3939 6
3940 17
3942 3
3943 39
3947 83
3948 34
3948 71
3952 15
3954 99
3957 80
3958 56
3960 68
3962 89
3962 2
3963 93
3964 73
3964 33
3971 56
3974 28
3977 87
3978 13
3978 91
3979 81
3982 30
3982 47
3985 11
3986 21
3986 88
3988 83
3988 75
3990 76
3991 56
3991 78
3991 44
3992 41
3995 80
3997 11
3998 77
3998 17
3998 73
4000 47
4001 47
4002 71
4003 46
4003 90
4004 6
4005 56
4006 44
4008 79
4013 53
4013 12
4017 14
4020 39
4021 72
4028 82
4029 17
4030 93
4031 17
4032 2
4032 40
4033 26
4034 49
4037 89
4037 89
4038 13
4038 39
4039 51
4040 97
4040 55
4040 49
4041 63
4042 62
4043 84
4046 47
4046 10
4048 96
4048 95
4049 14
4049 80
4049 70
4050 37
4052 18
4053 52
4054 61
4056 57
4057 42
4057 66
4062 24
4062 52
4064 22
4065 31
4066 96
4067 37
4068 20
4069 35
4080 89
4081 65
4084 53
4084 53
4084 54
4086 24
4089 64
4092 66
4092 8
4093 17
4095 55
4095 73
4096 46
4097 28
4098 70
4098 27
4101 1
4102 30
4102 50
4105 55
4110 20
4113 51
4118 27
4119 22
4119 100
4120 90
4122 68
4122 4
4123 96
4123 60
4124 22
4125 12
4125 81
4127 81
4130 40
4133 91
4134 39
4137 4
4138 35
4140 56
4141 29
4141 29
4143 71
4144 4
4144 76
4145 41
4146 23
4148 22
4150 43
4151 36
4151 83
4152 27
4153 51
4153 33
4154 88
4155 99
4158 47
4161 65
4162 46
4164 89
4167 96
4169 35
4169 44
4173 49
4174 66
4175 12
4175 75
4175 41
4178 72
4184 8
4184 50
4187 82
4195 75
4196 38
4196 14
4197 95
4205 46
4206 22
4211 99
4215 34
4215 10
4216 66
4216 48
4217 59
4219 18
4219 91
4221 89
4221 23
4221 47
4222 56
4228 96
4229 22
4230 40
4230 70
4234 34
4235 99
4235 26
4239 84
4240 30
4240 91
4241 13
4252 16
4253 62
4256 45
4256 84
4256 10
4257 70
4257 50
4261 80
4262 68
4262 95
4263 1
4263 32
4264 7
4265 25
4266 83
4266 81
4267 41
4268 7
4269 87
4270 74
4270 6
4272 93
4274 59
4275 20
4276 82
4277 69
4277 68
4279 31
4279 63
4280 88
4280 12
4281 54
4281 72
4282 17
4283 91
4283 86
4284 63
4285 2
4287 88
4287 86
4288 57
4289 99
4291 20
4292 59
4293 5
4295 33
4296 63
4300 64
4304 28
4306 56
4307 80
4308 70
4312 17
4312 91
4313 7
4314 44
4314 25
4314 51
4319 2
4319 19
4319 39
4320 19
4321 74
4321 63
4322 84
4323 36
4323 22
4326 27
4326 4
4326 29
4328 3
4332 32
4332 34
4332 91
4334 36
4336 89
4337 70
4337 34
4339 75
4340 3
4341 6
4341 57
4342 12
4344 29
4346 19
4347 29
4348 12
4349 60
4349 92
4351 5
4351 75
4352 100
4352 67
4354 46
4357 80
4357 96
4358 36
4358 7
4360 96
4360 49
4362 72
4362 9
4362 94
4362 86
4364 23
4364 84
4366 59
4367 8
4368 36
4370 91
4370 51
4372 70
4372 60
4373 30
4376 9
4377 1
4377 46
4381 23
4382 61
4383 96
4386 35
4387 23
4387 96
4387 8
4388 42
4391 21
4392 74
4392 13
4393 88
4393 23
4396 78
4398 22
4399 73
4400 97
4400 45
4401 44
4404 92
4405 84
4408 42
4410 42
4411 74
4413 44
4415 26
4419 1
4420 78
4420 88
4421 61
4422 72
4426 25
4426 40
4427 82
4427 68
4427 2
4430 6
4430 54
4431 73
4431 90
4432 23
4435 36
4436 10
4437 100
4439 94
4441 53
4441 20
4442 17
4447 73
4450 16
4451 42
4454 89
4454 96
4455 6
4455 81
4456 31
4456 12
4459 22
4459 100
4462 28
4463 9
4463 25
4463 88
4467 71
4467 30
4467 31
4470 40
4471 1
4471 76
4472 23
4474 81
4474 62
4477 14
4477 50
4478 11
4478 77
4479 89
4484 71
4484 81
4486 94
4486 68
4488 15
4490 36
4491 14
4492 16
4493 61
4493 7
4494 25
4494 57
4495 10
4495 63
4496 30
4498 6
4498 70
4499 75
4502 58
4503 36
4508 44
4510 16
4513 76
4514 22
4515 12
4517 74
4519 81
4519 17
4520 44
4523 60
4526 61
4527 52
4527 65
4533 91
4534 3
4536 92
4538 22
4538 14
4545 11
4547 5
4548 41
4549 14
4551 62
4552 34
4552 94
4559 90
4561 52
4562 95
4567 86
4568 83
4568 12
4570 6
4572 69
4573 100
4574 75
4577 36
4578 22
4579 10
4579 17
4581 60
4581 53
4587 25
4590 1
4591 7
4591 20
4592 16
4597 19
4597 72
4598 81
4600 32
4602 92
4603 89
4605 36
4605 100
4606 36
4606 78
4606 22
4606 17
4607 90
4614 49
4615 42
4615 26
4615 95
4616 15
4618 73
4619 20
4620 6
4620 59
4623 83
4624 95
4624 52
4624 86
4625 15
4629 90
4629 45
4633 75
4635 42
4635 50
4640 36
4640 16
4645 79
4646 70
4647 66
4648 29
4648 15
4648 3
4649 78
4651 91
4651 70
4654 84
4657 40
4657 86
4661 87
4661 30
4663 94
4665 41
4667 58
4668 52
4671 14
4673 1
4673 32
4673 67
4673 60
4675 89
4677 21
4677 63
4678 57
4681 54
4681 40
4682 7
4682 9
4684 87
4685 22
4689 32
4690 47
4690 89
4690 83
4691 81
4692 7
4694 36
4695 42
4697 71
4698 99
4699 67
4699 87
4700 97
4701 84
4702 23
4703 71
4705 28
4705 81
4705 35
4707 2
4708 72
4709 84
4709 36
4712 47
4713 96
4713 13
4713 69
4717 51
4720 13
4720 41
4721 71
4724 37
4731 26
4731 44
4735 54
4735 66
4738 44
4738 97
4741 49
4742 33
4744 46
4745 85
4746 52
4750 75
4751 65
4754 35
4758 28
4758 72
4759 52
4761 12
4765 73
4767 23
4772 60
4773 3
4774 47
4776 9
4776 29
4780 33
4780 40
4783 17
4783 50
4783 30
4784 71
4784 4
4785 92
4786 25
4786 98
4786 5
4788 50
4791 7
4792 5
4793 93
4795 33
4796 91
4799 70
4804 12
4804 96
4805 42
4805 82
4808 93
4808 64
4809 75
4810 15
4810 65
4811 33
4813 99
4813 9
4815 99
4815 10
4816 53
4816 48
4820 52
4821 88
4823 74
4824 83
4825 55
4826 98
4831 18
4832 14
4832 29
4832 5
4836 52
4837 86
4839 93
4841 24
4841 73
4843 3
4844 68
4851 20
4852 68
4853 52
4855 78
4855 88
4855 30
4856 18
4859 62
4862 25
4863 66
4865 20
4866 61
4868 51
4868 85
4868 99
4870 38
4873 57
4874 71
4879 90
4882 46
4882 84
4883 99
4884 86
4886 88
4886 71
4887 2
4888 75
4888 81
4888 19
4891 63
4894 56
4895 17
4895 39
4896 39
4897 34
4899 51
4900 36
4902 93
4904 80
4904 43
4907 26
4908 50
4909 71
4909 46
4910 40
4911 34
4913 86
4914 84
4917 7
4920 24
4921 50
4923 73
4924 50
4928 28
4928 15
4930 51
4932 54
4933 3
4933 56
4934 17
4936 94
4938 49
4942 69
4944 53
4946 95
4946 81
4948 7
4948 92
4948 96
4953 56
4956 82
4956 21
4958 2
4959 42
4959 81
4960 40
4961 13
4962 86
4965 53
4966 31
4968 84
4968 16
4968 18
4969 55
4970 8
4971 81
4971 31
4976 7
4977 36
4977 65
4980 12
4980 93
4980 73
4981 51
4981 46
4983 57
4986 46
4987 52
4987 97
4988 48
4989 32
4993 11
4993 40
4997 34
5001 95
5001 65
5002 64
5003 14
5003 86
5004 6
5006 1
5009 45
5009 42
5009 97
5009 74
5009 38
5010 38
5012 58
5012 95
5013 10
5014 55
5016 39
5018 61
5018 69
5022 72
5024 13
5024 52
5025 22
5026 58
5026 15
5026 67
5027 25
5027 36
5028 6
5031 63
5032 75
5033 31
5036 37
5037 43
5038 96
5040 75
5042 94
5043 24
5043 79
5046 55
5048 89
5050 17
5051 49
5054 92
5055 72
5056 23
5056 38
5057 85
5057 88
5058 86
5060 33
5060 99
5060 87
5062 25
5066 30
5068 65
5077 37
5077 29
5078 6
5079 44
5080 26
5081 17
5083 37
5084 20
5085 49
5085 18
5090 14
5093 24
5094 74
5094 19
5095 6
5099 76
5101 46
5103 21
5104 24
5105 42
5106 21
5106 24
5107 13
5107 43
5108 10
5108 43
5108 60
5108 58
5109 54
5111 22
5113 78
5114 73
5114 84
5119 46
5119 67
5120 96
5121 21
5122 83
5124 18
5124 48
5125 68
5125 72
5128 68
5130 21
5130 66
5132 18
5132 24
5134 14
5136 55
5136 81
5137 75
5142 16
5144 10
5147 56
5148 48
5149 90
5149 75
5150 67
5151 36
5151 17
5152 48
5153 51
5156 99
5159 44
5159 14
5160 60
5160 40
5161 4
5161 8
5163 89
5163 19
5166 81
5167 60
5168 59
5173 50
5177 54
5180 42
5180 78
5187 70
5191 91
5192 63
5194 48
5195 42
5196 86
5197 15
5197 40
5200 32
5203 28
5204 9
5204 68
5206 96
5210 84
5210 82
5212 41
5216 67
5217 20
5218 37
5219 42
5220 17
5221 68
5221 59
5222 76
5222 65
5226 5
5226 51
5226 62
5226 16
5227 59
5227 62
5227 33
5228 9
5229 45
5230 60
5230 56
5231 93
5232 48
5233 60
5234 92
5234 7
5234 95
5235 79
5236 29
5238 68
5239 27
5241 72
5243 62
5243 55
5246 47
5246 44
5247 4
5247 82
5251 100
5252 54
5252 82
5254 74
5255 2
5255 23
5257 57
5258 9
5258 88
5258 66
5259 100
5264 71
5264 86
5265 9
5265 96
5265 55
5266 6
5268 69
5269 64
5270 18
5271 17
5271 100
5271 10
5273 40
5273 58
5273 70
5274 31
5274 84
5274 43
5276 86
5276 45
5276 26
5277 76
5277 73
5281 8
5283 36
5285 94
5286 3
5286 71
5287 47
5288 21
5288 59
5289 79
5290 54
5291 20
5291 81
5293 68
5295 98
5295 96
5297 46
5297 85
5300 10
5306 36
5307 94
5307 46
5310 76
5313 21
5313 4
5313 100
5315 60
5316 34
5316 45
5320 79
5323 75
5324 36
5324 24
5325 34
5326 17
5331 87
5331 22
5333 34
5333 5
5336 82
5338 23
5338 95
5338 4
5340 49
5342 50
5344 67
5345 65
5346 66
5346 27
5347 85
5349 73
5349 18
5351 24
5352 15
5352 68
5352 36
5354 62
5356 10
5357 33
5360 30
5362 72
5364 5
5365 68
5367 56
5368 31
5368 69
5368 86
5370 7
5370 18
5371 57
5371 23
5372 23
5372 43
5374 98
5375 46
5376 47
5377 6
5379 79
5390 100
5391 12
5392 96
5392 57
5398 28
5399 5
5401 29
5404 44
5410 23
5413 71
5413 60
5416 47
5417 41
5418 77
5419 14
5423 35
5424 53
5425 4
5427 59
5428 91
5429 8
5433 52
5434 49
5434 44
5435 41
5435 44
5437 67
5439 61
5441 97
5441 100
5442 59
5445 95
5445 35
5446 86
5447 34
5447 77
5447 64
5449 79
5449 79
5452 68
5453 79
5454 26
5455 14
5455 36
5456 81
5461 69
5461 17
5462 20
5463 30
5463 96
5464 66
5466 93
5467 81
5467 56
5467 33
5470 2
5470 39
5470 49
5471 3
5473 4
5473 27
5476 30
5476 68
5476 11
5476 66
5476 32
5477 11
5480 6
5486 91
5486 2
5487 100
5488 73
5489 59
5490 13
5490 73
5490 53
5492 62
5492 48
5493 11
5493 90
5494 95
5494 56
5495 49
5498 11
5507 66
5509 45
5510 57
5510 65
5512 13
5514 46
5518 23
5518 43
5519 13
5523 47
5527 20
5528 70
5529 17
5533 62
5536 24
5536 78
5538 35
5542 4
5542 66
5542 78
5543 43
5545 68
5545 71
5545 39
5546 90
5547 20
5548 22
5551 40
5553 100
5554 60
5555 24
5556 78
5556 48
5559 9
5561 44
5561 24
5562 46
5564 35
5564 51
5566 35
5567 36
5569 65
5572 5
5577 34
5577 52
5580 80
5580 49
5582 34
5583 2
5583 39
5584 24
5585 15
5585 67
5586 63
5586 57
5587 92
5588 38
5590 55
5590 93
5591 82
5593 56
5593 56
5593 83
5597 4
5598 17
5602 66
5611 48
5612 79
5614 68
5615 72
5616 43
5617 46
5618 66
5619 38
5619 85
5626 42
5631 14
5632 22
5632 6
5633 74
5633 17
5634 33
5638 37
5639 75
5643 39
5644 34
5646 87
5647 9
5649 3
5649 59
5652 23
5653 35
5653 53
5654 72
5655 14
5655 22
5656 62
5657 90
5657 15
5658 49
5658 90
5658 77
5659 23
5660 29
5660 8
5661 56
5663 22
5663 34
5666 41
5667 60
5667 95
5669 51
5670 17
5672 76
5673 59
5673 48
5677 91
5679 69
5680 25
5680 22
5680 95
5684 34
5685 46
5686 5
5699 70
5700 92
5701 97
5701 80
5701 80
5701 75
5704 23
5706 56
5707 32
5707 66
5707 8
5709 32
5710 43
5711 25
5711 47
5713 61
5719 20
5719 6
5722 32
5723 43
5723 72
5724 98
5724 8
5724 53
5726 54
5727 68
5728 91
5732 88
5734 51
5735 2
5735 28
5738 67
5739 23
5741 36
5741 44
5743 74
5745 65
5749 35
5753 83
5753 39
5753 50
5754 71
5762 4
5768 72
5770 77
5772 75
5773 23
5776 61
5776 31
5778 24
5779 97
5779 47
5781 95
5784 77
5786 46
5788 26
5789 94
5792 11
5792 33
5799 17
5799 32
5799 89
5800 27
5802 8
5803 16
5805 8
5806 51
5807 25
5811 79
5815 36
5816 46
5817 6
5818 20
5823 68
5824 24
5826 3
5826 100
5827 44
5827 32
5828 37
5831 26
5831 6
5831 34
5832 59
5834 15
5835 59
5835 52
5835 6
5838 10
5838 66
5839 35
5847 62
5848 32
5850 57
5851 82
5852 66
5854 61
5856 40
5857 23
5857 67
5858 36
5863 56
5866 42
5867 100
5867 86
5867 53
5868 64
5871 10
5873 70
5874 38
5874 28
5874 97
5877 5
5878 60
5879 32
5880 76
5880 2
5880 66
5882 69
5882 55
5885 14
5889 25
5892 97
5894 47
5894 37
5895 76
5898 100
5899 88
5901 54
5902 8
5902 62
5902 1
5902 33
5904 53
5905 22
5906 75
5909 43
5909 82
5916 56
5916 1
5917 24
5919 71
5919 13
5919 12
5920 92
5920 29
5925 93
5926 40
5929 29
5929 84
5930 15
5932 96
5933 82
5933 72
5934 28
5934 100
5935 81
5937 100
5937 75
5939 50
5939 27
5939 20
5940 33
5940 87
5944 99
5945 89
5945 29
5945 78
5945 61
5947 63
5949 64
5951 13
5951 83
5957 65
5958 18
5959 36
5959 62
5966 39
5969 14
5970 32
5971 65
5972 7
5972 12
5974 13
5975 42
5975 31
5977 2
5979 54
5981 65
5985 39
5985 78
5985 27
5986 67
5986 32
5989 4
5990 54
5991 92
5993 30
5993 21
5994 44
5997 83
5999 52
5999 20
5999 72
6001 73
6001 78
6002 30
6003 80
6004 57
6006 37
6007 59
6008 60
6009 8
6010 9
6011 22
6012 85
6012 98
6012 62
6013 64
6014 63
6014 46
6014 94
6014 4
6016 61
6017 56
6018 80
6018 75
6018 40
6019 73
6021 62
6022 20
6026 83
6026 33
6028 13
6033 88
6034 55
6040 99
6042 68
6043 55
6045 84
6047 20
6048 59
6048 20
6050 17
6051 100
6053 36
6055 68
6058 26
6058 46
6058 61
6059 98
6061 64
6061 66
6062 10
6064 75
6066 99
6066 33
6070 72
6072 46
6072 42
6074 75
6078 10
6081 60
6081 94
6082 67
6084 74
6084 80
6084 38
6085 26
6086 57
6087 44
6095 99
6096 83
6098 45
6104 37
6106 53
6106 91
6107 30
6108 57
6108 35
6109 65
6109 24
6109 52
6109 57
6110 66
6112 9
6113 85
6115 73
6116 70
6118 76
6118 81
6120 72
6120 20
6120 11
6121 64
6121 41
6122 37
6128 95
6131 45
6132 70
6137 64
6138 35
6139 28
6140 35
6140 38
6140 27
6140 34
6141 93
6143 22
6147 61
6147 7
6149 52
6149 41
6151 51
6151 50
6151 63
6152 55
6152 81
6153 48
6154 94
6154 7
6155 72
6157 52
6160 55
6163 61
6164 87
6166 27
6172 75
6172 91
6172 56
6173 65
6177 1
6178 58
6180 12
6181 25
6183 23
6183 49
6184 93
6185 59
6185 85
6190 78
6193 83
6196 69
6196 36
6197 17
6198 22
6201 40
6202 88
6206 71
6207 36
6208 71
6209 96
6213 4
6213 52
6214 47
6215 89
6215 79
6215 48
6217 19
6219 82
6219 25
6220 85
6222 33
6224 92
6225 65
6228 90
6229 77
6229 18
6230 56
6231 31
6233 80
6238 13
6239 13
6240 30
6241 50
6242 65
6243 37
6245 13
6246 42
6247 53
6251 3
6253 48
6254 17
6255 10
6255 89
6255 28
6257 7
6258 23
6264 92
6267 60
6267 18
6270 37
6273 50
6273 14
6277 49
6280 79
6281 47
6284 55
6284 58
6286 2
6287 2
6288 65
6289 70
6296 14
6297 52
6300 12
6301 84
6302 82
6303 33
6303 68
6305 21
6307 26
6309 76
6309 11
6310 48
6311 52
6311 77
6316 72
6316 10
6318 33
6319 18
6320 81
6324 26
6326 76
6327 64
6329 75
6329 53
6332 27
6334 90
6338 97
6342 95
6342 6
6344 89
6346 15
6347 31
6347 94
6353 96
6354 19
6355 45
6357 35
6357 9
6358 19
6359 59
6359 8
6363 52
6364 3
6365 6
6368 41
6369 46
6369 68
6371 1
6372 4
6373 47
6376 21
6377 6
6377 78
6379 2
6380 36
6382 97
6385 78
6385 4
6390 94
6393 19
6394 94
6395 96
6397 5
6397 88
6397 58
6398 31
6399 29
6400 43
6401 87
6402 25
6404 5
6406 65
6407 29
6408 25
6409 54
6409 21
6411 11
6412 3
6413 32
6413 4
6414 10
6418 12
6418 2
6419 93
6420 29
6424 36
6426 24
6435 65
6439 93
6439 14
6440 24
6443 76
6451 77
6451 75
6452 59
6454 73
6455 82
6456 82
6458 4
6458 69
6460 16
6461 48
6463 88
6463 7
6464 66
6464 37
6466 2
6467 88
6468 37
6469 56
6469 32
6469 63
6470 40
6475 30
6481 90
6481 65
6484 8
6484 14
6484 17
6485 69
6485 68
6487 53
6490 45
6490 8
6490 29
6492 98
6493 53
6499 78
6500 23
6500 58
6500 74
6502 46
6505 37
6508 44
6509 67
6510 73
6513 3
6516 21
6516 17
6517 54
6517 79
6518 61
6520 100
6521 98
6523 66
6523 43
6523 99
6524 89
6526 15
6526 100
6528 54
6530 18
6531 31
6532 31
6532 7
6537 49
6540 9
6546 5
6547 51
6550 7
6552 75
6553 49
6555 1
6556 28
6557 25
6559 80
6560 58
6561 11
6561 89
6562 70
6564 97
6568 73
6569 36
6572 14
6573 88
6578 89
6578 9
6579 44
6580 59
6583 16
6584 5
6584 66
6584 31
6585 82
6585 23
6586 29
6586 24
6589 10
6590 9
6590 84
6595 81
6597 4
6598 79
6601 41
6601 31
6601 61
6603 54
6605 48
6609 37
6612 57
6615 82
6618 54
6621 44
6623 91
6624 94
6624 47
6627 92
6627 48
6628 79
6629 22
6629 60
6630 8
6631 56
6633 31
6636 92
6636 82
6636 58
6636 4
6638 10
6639 58
6641 16
6641 7
6642 27
6643 45
6647 99
6648 12
6652 10
6653 15
6655 75
6657 4
6658 12
6658 15
6661 27
6663 22
6665 88
6665 50
6665 44
6666 91
6667 16
6668 71
6674 49
6676 95
6678 12
6678 71
6679 47
6679 85
6679 29
6680 86
6682 25
6684 70
6684 59
6685 87
6688 56
6690 21
6691 21
6692 59
6694 32
6694 91
6695 60
6695 97
6695 72
6696 84
6696 7
6697 89
6697 68
6698 87
6700 59
6700 37
6700 97
6704 64
6705 84
6705 87
6705 47
6706 88
6708 41
6709 67
6712 98
6713 67
6714 38
6714 78
6719 40
6720 72
6723 89
6724 20
6727 96
6728 60
6732 3
6732 8
6734 4
6734 95
6734 67
6736 38
6736 36
6737 96
6737 22
6737 40
6739 62
6739 15
6739 83
6741 91
6742 99
6742 25
6744 4
6748 10
6752 37
6753 26
6754 21
6756 35
6757 56
6759 97
6762 75
6763 10
6763 24
6763 51
6764 2
6765 76
6768 32
6770 59
6771 33
6772 53
6772 16
6773 90
6773 25
6778 24
6779 25
6785 71
6786 93
6788 18
6788 95
6790 47
6794 50
6794 30
6797 81
6798 42
6799 76
6800 57
6802 16
6803 83
6804 10
6804 86
6804 75
6804 99
6805 68
6805 86
6805 67
6806 61
6806 8
6809 45
6810 83
6810 66
6811 27
6814 70
6815 16
6822 77
6825 24
6826 46
6827 98
6827 3
6829 60
6829 40
6830 92
6830 20
6831 14
6832 69
6836 35
6836 63
6836 92
6837 16
6839 90
6840 5
6840 82
6840 14
6842 10
6846 85
6848 45
6848 86
6850 18
6852 40
6857 53
6859 93
6859 79
6860 81
6863 29
6863 39
6864 13
6866 37
6866 42
6867 23
6868 31
6868 67
6870 71
6871 14
6871 25
6871 96
6873 5
6874 91
6876 88
6876 4
6877 100
6880 47
6881 44
6884 70
6885 99
6890 1
6890 29
6890 67
6891 6
6891 70
6891 85
6892 86
6894 47
6895 70
6896 63
6896 56
6897 11
6897 12
6897 57
6900 72
6901 45
6902 57
6903 63
6904 39
6904 10
6905 64
6906 38
6906 81
6906 25
6907 74
6907 58
6910 1
6910 28
6911 18
6912 6
6912 51
6914 31
6916 73
6917 79
6919 48
6922 99
6932 11
6935 45
6941 44
6941 72
6942 63
6943 23
6943 11
6946 57
6947 97
6952 41
6957 71
6957 67
6959 70
6962 28
6965 15
6966 97
6971 42
6973 20
6975 49
6976 12
6980 4
6982 84
6984 89
6985 92
6986 17
6986 57
6986 9
6988 16
6990 21
6995 42
6996 34
6998 52
6998 55
7000 12
7001 3
7001 98
7002 31
7003 86
7006 37
7007 67
7007 70
7009 81
7010 95
7011 62
7011 32
7013 37
7019 31
7021 12
7022 76
7022 57
7022 33
7024 20
7024 63
7025 82
7026 94
7026 48
7026 28
7029 27
7030 98
7032 32
7033 72
7034 69
7035 72
7036 77
7038 99
7040 95
7042 53
7043 87
7045 68
7046 94
7047 100
7051 93
7052 71
7053 42
7054 66
7054 36
7055 58
7058 38
7060 3
7061 91
7062 26
7062 22
7063 50
7068 7
7068 46
7069 11
7069 71
7070 48
7071 51
7077 65
7079 51
7080 61
7081 32
7081 63
7082 26
7082 38
7083 15
7084 34
7087 23
7091 32
7092 80
7092 78
7092 51
7096 35
7097 9
7102 34
7105 82
7107 22
7110 39
7110 46
7117 50
7117 38
7118 72
7121 83
7123 22
7124 47
7125 88
7125 49
7126 100
7126 92
7128 55
7130 31
7133 49
7135 97
7135 32
7137 90
7137 96
7138 15
7138 43
7138 10
7139 70
7140 22
7141 1
7142 58
7143 26
7150 29
7151 54
7152 14
7153 61
7153 13
7155 49
7156 47
7156 10
7158 57
7159 7
7159 61
7159 70
7160 98
7161 59
7162 43
7166 17
7169 96
7169 42
7171 54
7172 42
7174 62
7175 71
7176 89
7177 22
7180 40
7181 55
7183 97
7187 64
7188 67
7189 34
7192 45
7193 57
7195 7
7199 99
7204 94
7206 64
7207 95
7208 66
7209 48
7209 34
7209 32
7212 49
7213 14
7214 3
7214 62
7216 41
7218 17
7219 6
7219 20
7221 45
7222 32
7222 71
7223 66
7227 19
7228 60
7228 68
7231 77
7233 63
7233 4
7236 26
7237 77
7238 62
7240 65
7241 100
7242 81
7243 32
7245 70
7245 68
7251 90
7252 32
7255 25
7258 34
7258 51
7259 47
7260 43
7262 7
7263 57
7265 72
7266 74
7268 31
7270 44
7272 64
7273 98
7276 5
7276 23
7277 6
7278 58
7278 18
7279 86
7281 35
7284 31
7288 53
7290 78
7291 87
7293 17
7293 91
7297 71
7298 37
7299 19
7300 11
7301 40
7302 66
7303 93
7304 14
7306 98
7306 61
7308 8
7308 83
7309 17
7310 11
7313 64
7314 4
7316 4
7316 99
7318 4
7318 58
7318 71
7319 42
7320 61
7322 15
7323 79
7323 63
7325 55
7327 95
7327 20
7328 59
7328 96
7330 57
7330 25
7331 26
7331 3
7333 78
7335 51
7335 43
7337 6
7337 34
7339 33
7340 27
7341 18
7341 80
7342 80
7350 29
7352 26
7352 12
7353 76
7354 10
7354 91
7356 88
7357 88
7357 10
7359 4
7359 53
7361 28
7361 48
7364 14
7366 70
7366 85
7367 28
7367 64
7370 100
7371 27
7372 71
7372 91
7375 30
7375 61
7377 25
7381 91
7381 34
7381 56
7382 77
7384 75
7385 80
7385 40
7387 52
7388 36
7389 69
7389 48
7389 85
7390 17
7390 69
7391 64
7392 85
7398 11
7401 7
7402 81
7403 72
7403 53
7404 64
7406 59
7407 17
7407 64
7408 47
7408 85
7410 96
7411 27
7411 69
7413 12
7416 82
7416 27
7417 98
7417 99
7418 63
7418 44
7419 97
7419 67
7421 99
7422 61
7422 2
7422 24
7424 64
7424 23
7425 6
7426 41
7427 65
7427 1
7430 17
7431 6
7431 84
7433 60
7435 50
7436 56
7436 61
7438 60
7439 50
7440 99
7440 73
7445 36
7450 92
7452 30
7453 44
7453 16
7455 73
7458 6
7458 41
7459 73
7459 77
7461 23
7462 29
7464 75
7469 15
7470 40
7470 75
7471 61
7472 40
7472 1
7474 96
7476 72
7477 59
7480 23
7481 68
7481 47
7482 5
7484 42
7484 94
7484 19
7485 77
7485 69
7485 63
7486 92
7486 8
7490 89
7492 50
7495 29
7497 25
7497 25
7497 87
7498 31
7500 5
7502 62
7503 20
7505 73
7505 20
7506 36
7508 31
7508 96
7509 17
7515 14
7516 92
7517 83
7517 37
7518 40
7521 20
7522 47
7529 35
7535 27
7537 99
7540 87
7542 68
7545 11
7546 64
7548 76
7551 71
7555 11
7556 99
7559 50
7559 85
7561 96
7562 6
7562 28
7563 22
7563 42
7564 2
7564 59
7564 25
7566 16
7567 74
7567 18
7567 14
7568 58
7568 60
7569 22
7569 19
7570 33
7574 72
7574 14
7574 9
7575 45
7576 15
7577 7
7577 95
7577 1
7577 53
7580 52
7580 83
7585 70
7587 9
7589 30
7589 61
7589 7
7589 24
7592 25
7593 18
7593 89
7595 69
7595 28
7595 2
7597 48
7597 73
7600 96
7603 84
7603 99
7609 87
7609 32
7612 84
7614 50
7614 76
7616 5
7617 44
7617 30
7618 20
7621 39
7623 70
7623 99
7627 22
7627 49
7629 18
7629 52
7632 75
7632 43
7636 65
7636 54
7638 2
7640 46
7644 78
7644 81
7645 4
7648 54
7648 90
7649 100
7650 16
7651 98
7651 77
7654 79
7654 79
7655 39
7657 54
7661 59
7662 28
7666 24
7666 2
7669 88
7670 64
7673 98
7674 96
7674 61
7675 83
7677 53
7680 89
7680 47
7683 72
7685 68
7687 13
7688 73
7690 12
7691 68
7691 19
7691 36
7691 62
7692 52
7694 67
7695 60
7697 83
7698 36
7700 34
7703 48
7707 10
7707 50
7710 40
7711 16
7711 32
7712 28
7715 88
7717 17
7718 13
7719 10
7720 7
7720 27
7720 44
7732 9
7733 65
7733 65
7734 10
7737 81
7739 81
7739 92
7743 86
7747 61
7748 47
7748 36
7749 65
7750 49
7751 84
7751 16
7751 90
7753 67
7753 64
7754 20
7755 82
7755 1
7756 30
7758 65
7763 21
7770 3
7772 35
7774 99
7775 34
7775 98
7775 58
7775 77
7776 73
7778 57
7778 88
7778 64
7779 23
7782 61
7784 72
7785 43
7789 44
7789 74
7790 79
7791 59
7792 43
7792 19
7793 1
7794 40
7796 21
7796 17
7797 49
7797 81
7797 94
7798 79
7799 48
7799 50
7800 21
7802 22
7803 37
7806 36
7808 42
7809 6
7810 77
7815 23
7819 30
7820 26
7821 39
7823 98
7826 81
7826 54
7827 20
7827 34
7827 78
7828 91
7828 20
7829 47
7830 62
7830 13
7831 18
7831 24
7832 20
7833 67
7835 75
7836 81
7837 69
7839 54
7839 2
7840 75
7840 37
7847 21
7847 60
7848 62
7850 39
7851 33
7853 44
7853 9
7855 83
7855 94
7856 23
7856 49
7859 75
7860 11
7860 8
7861 93
7861 56
7865 77
7865 32
7867 38
7867 85
7869 23
7870 39
7870 15
7872 8
7873 93
7874 68
7876 26
7878 89
7878 77
7880 4
7880 92
7883 9
7883 89
7885 50
7885 55
7887 79
7889 5
7892 31
7894 35
7895 65
7897 90
7899 78
7899 87
7901 80
7903 44
7903 88
7907 48
7910 86
7911 42
7913 49
7918 58
7918 55
7918 52
7919 36
7919 31
7921 15
7922 72
7924 77
7925 62
7927 29
7928 3
7934 61
7936 33
7937 85
7938 80
7940 100
7941 1
7944 4
7944 85
7946 90
7946 33
7951 26
7951 78
7951 73
7952 94
7953 98
7959 36
7960 96
7963 79
7964 77
7964 95
7966 97
7966 21
7967 94
7969 82
7974 72
7975 71
7975 78
7978 62
7979 87
7979 10
7985 60
7986 82
7986 3
7986 22
7986 53
7988 95
7988 3
7990 82
7990 33
7992 37
7994 68
7997 71
7998 7
7999 95
8000 13
8002 16
8002 7
8005 29
8007 4
8007 86
8010 67
8010 76
8018 93
8020 64
8022 84
8028 44
8029 21
8031 79
8031 1
8034 76
8035 8
8036 31
8036 16
8039 93
8041 25
8042 39
8043 1
8045 26
8054 5
8055 72
8057 21
8057 100
8058 3
8058 73
8059 100
8060 95
8061 100
8061 63
8064 97
8065 22
8065 60
8065 93
8067 85
8068 85
8069 18
8071 40
8073 91
8074 98
8075 26
8076 63
8077 64
8077 50
8079 33
8080 39
8084 35
8087 40
8087 79
8089 48
8090 29
8090 42
8092 67
8093 85
8093 42
8096 48
8096 38
8096 23
8096 81
8097 95
8097 60
8100 89
8101 39
8101 23
8102 19
8103 16
8104 71
8104 51
8104 70
8104 55
8105 22
8106 63
8107 67
8108 51
8109 27
8109 49
8110 71
8112 88
8114 95
8117 2
8117 29
8122 5
8122 13
8122 29
8124 38
8124 75
8126 19
8126 80
8126 17
8127 37
8127 66
8128 15
8130 51
8131 84
8132 84
8133 83
8136 71
8140 39
8140 85
8141 96
8141 98
8141 55
8145 56
8147 45
8149 88
8150 83
8150 90
8151 55
8153 92
8153 12
8155 7
8157 93
8159 31
8160 86
8160 94
8163 68
8163 12
8163 76
8166 47
8167 67
8167 4
8168 67
8168 87
8171 3
8172 70
8173 26
8174 98
8177 12
8178 55
8179 18
8180 83
8180 53
8181 7
8185 26
8188 7
8189 75
8192 89
8192 83
8192 9
8192 65
8195 69
8197 73
8198 70
8199 12
8200 1
8202 27
8203 50
8203 63
8204 18
8206 38
8206 68
8206 31
8208 99
8210 17
8210 4
8212 76
8212 62
8212 17
8213 56
8216 81
8217 3
8219 61
8219 49
8222 22
8224 3
8224 34
8224 50
8225 97
8226 34
8227 59
8229 60
8229 55
8230 75
8234 33
8239 62
8239 47
8242 99
8243 76
8243 26
8244 19
8245 25
8250 39
8252 92
8252 23
8252 34
8253 27
8253 49
8254 40
8257 69
8257 19
8258 49
8259 42
8262 31
8263 100
8264 19
8265 80
8266 3
8266 93
8267 52
8267 98
8268 51
8270 71
8272 48
8273 70
8275 24
8277 70
8279 49
8279 33
8282 100
8282 1
8283 42
8283 2
8285 75
8286 13
8290 61
8290 91
8291 20
8292 33
8293 91
8299 16
8300 52
8302 86
8303 55
8304 78
8306 99
8308 7
8309 53
8311 57
8312 96
8312 13
8312 23
8313 48
8315 87
8316 95
8320 43
8326 52
8327 94
8328 22
8331 77
8332 92
8335 26
8335 74
8336 22
8338 29
8338 37
8339 2
8339 30
8340 70
8341 83
8343 3
8344 80
8345 92
8345 32
8345 28
8345 60
8346 83
8347 59
8348 18
8348 44
8350 26
8350 32
8350 4
8351 89
8352 98
8353 96
8354 43
8359 62
8359 30
8359 59
8359 87
8364 89
8365 79
8366 40
8367 55
8368 34
8369 48
8370 24
8371 32
8371 42
8371 54
8373 62
8373 29
8374 85
8374 37
8374 3
8374 71
8376 82
8377 12
8378 59
8380 9
8386 74
8386 27
8386 17
8386 24
8387 4
8388 80
8389 61
8391 3
8391 13
8392 32
8392 24
8393 23
8394 72
8394 82
8396 78
8396 80
8398 58
8399 67
8401 46
8403 97
8406 83
8409 6
8413 17
8416 11
8417 30
8418 17
8418 50
8419 25
8419 4
8422 48
8422 46
8422 88
8424 100
8426 73
8427 73
8429 35
8433 67
8435 57
8436 86
8437 39
8437 40
8438 19
8439 22
8440 32
8441 88
8441 80
8442 88
8443 45
8443 22
8443 99
8443 21
8443 59
8444 47
8444 66
8444 44
8445 1
8446 3
8446 13
8447 62
8447 96
8450 45
8450 21
8451 6
8453 39
8454 2
8457 30
8460 25
8461 63
8461 53
8464 75
8465 99
8467 35
8471 15
8472 61
8474 3
8478 40
8481 20
8482 83
8483 58
8484 2
8491 42
8494 58
8498 43
8499 44
8500 44
8500 65
8502 67
8503 3
8504 12
8506 81
8506 61
8513 90
8514 47
8515 26
8515 90
8515 34
8516 64
8517 31
8518 18
8519 6
8519 28
8520 17
8528 24
8529 43
8531 10
8532 83
8533 72
8536 57
8536 15
8541 38
8543 32
8543 15
8545 79
8548 37
8549 85
8550 62
8552 49
8554 41
8554 46
8555 45
8555 17
8555 90
8556 37
8557 5
8559 92
8564 43
8567 66
8573 73
8574 18
8576 80
8577 74
8579 78
8579 90
8582 83
8583 65
8585 95
8586 17
8587 77
8589 62
8589 89
8590 95
8593 33
8599 77
8601 56
8601 71
8607 40
8608 96
8610 3
8610 29
8613 1
8613 49
8615 87
8615 62
8616 42
8616 64
8619 47
8620 42
8621 47
8621 62
8622 76
8622 44
8623 98
8623 78
8625 85
8625 25
8626 20
8629 49
8629 47
8631 68
8638 91
8638 71
8639 10
8639 22
8639 7
8641 63
8642 37
8643 67
8644 68
8646 30
8648 85
8650 86
8652 49
8653 87
8654 33
8656 23
8657 78
8657 87
8658 82
8659 12
8659 88
8660 50
8662 43
8663 10
8664 19
8669 87
8672 25
8673 32
8673 82
8674 62
8674 43
8675 76
8676 74
8679 76
8682 38
8682 14
8682 78
8683 41
8684 86
8684 51
8685 51
8686 8
8688 90
8688 66
8688 72
8689 50
8690 63
8691 1
8693 66
8693 19
8693 52
8695 49
8695 13
8697 66
8698 54
8698 65
8700 68
8701 15
8702 56
8706 6
8707 36
8707 7
8712 75
8714 91
8714 68
8714 26
8715 51
8716 38
8716 21
8719 23
8720 91
8722 43
8726 62
8728 55
8728 48
8728 19
8729 92
8730 13
8731 13
8732 46
8735 99
8738 34
8738 11
8739 91
8740 54
8741 49
8741 85
8741 59
8742 81
8743 35
8743 48
8747 41
8748 69
8748 20
8749 43
8749 98
8751 58
8751 27
8751 71
8756 53
8757 16
8759 65
8760 4
8760 23
8762 37
8762 77
8763 9
8765 16
8767 88
8768 28
8768 43
8768 79
8769 39
8772 57
8772 9
8773 45
8773 94
8773 21
8778 56
8778 73
8779 47
8780 76
8782 11
8783 92
8784 51
8788 57
8792 55
8792 13
8793 80
8794 93
8798 68
8799 33
8801 26
8805 47
8807 85
8807 19
8811 61
8811 3
8817 79
8817 44
8818 36
8818 91
8819 81
8819 84
8821 91
8821 61
8821 72
8823 98
8824 11
8825 93
8827 87
8827 63
8827 76
8830 56
8832 35
8832 2
8832 13
8833 98
8837 67
8839 76
8842 35
8843 34
8845 16
8850 84
8851 65
8853 53
8855 26
8860 71
8860 8
8864 42
8864 96
8865 61
8866 47
8866 46
8867 75
8869 49
8870 19
8870 88
8870 38
8874 32
8874 20
8877 29
8878 98
8880 5
8881 77
8882 65
8882 86
8883 41
8884 35
8885 7
8886 15
8886 35
8891 77
8892 19
8892 73
8894 80
8895 8
8895 66
8897 15
8899 84
8899 67
8901 20
8904 29
8907 98
8909 91
8910 69
8912 25
8914 86
8915 24
8918 7
8919 8
8921 33
8921 5
8922 53
8923 29
8924 99
8924 74
8925 89
8928 66
8931 11
8932 36
8937 31
8938 7
8939 6
8939 31
8940 93
8941 81
8941 48
8943 14
8945 60
8946 52
8948 64
8949 62
8950 83
8952 55
8952 90
8963 99
8963 99
8963 47
8965 75
8966 36
8966 67
8971 3
8971 79
8971 21
8975 9
8976 40
8979 37
8979 59
8980 85
8981 49
8984 90
8985 30
8986 8
8988 67
8990 45
8990 93
8991 82
8991 86
8991 87
8992 93
8992 62
8992 25
8992 24
8994 2
8996 9
8997 76
8997 47
8999 15
9000 30
9003 69
9005 76
9005 52
9006 58
9009 41
9011 37
9012 74
9012 89
9014 39
9014 35
9014 69
9015 46
9016 29
9016 61
9019 16
9021 89
9022 71
9022 84
9028 44
9028 27
9031 86
9033 35
9035 76
9035 8
9042 38
9042 8
9043 21
9045 47
9046 58
9046 31
9047 50
9047 53
9050 71
9053 42
9055 28
9061 34
9061 96
9064 98
9064 27
9068 8
9070 66
9071 33
9072 78
9072 78
9073 8
9075 59
9076 6
9077 18
9080 67
9080 88
9081 82
9082 69
9082 7
9083 54
9084 79
9084 6
9085 19
9085 64
9086 44
9088 30
9088 11
9088 64
9089 6
9090 76
9093 5
9094 75
9097 52
9103 57
9103 62
9104 28
9104 88
9105 76
9107 5
9108 4
9113 47
9115 82
9117 8
9119 14
9120 19
9121 23
9123 51
9127 59
9127 52
9132 42
9134 67
9135 82
9138 85
9140 8
9141 24
9143 100
9147 55
9148 28
9152 13
9153 93
9153 82
9155 39
9157 67
9157 88
9158 81
9159 96
9160 45
9160 77
9161 40
9161 84
9162 40
9165 38
9165 36
9166 15
9167 11
9169 96
9170 45
9171 12
9176 3
9177 30
9178 86
9179 47
9181 48
9182 94
9183 8
9185 94
9186 37
9186 92
9189 35
9191 86
9195 22
9195 33
9197 73
9198 38
9198 21
9201 57
9202 93
9203 4
9205 71
9207 39
9208 37
9208 80
9211 71
9212 92
9216 22
9218 75
9219 11
9220 63
9224 19
9224 77
9230 99
9232 1
9238 77
9238 81
9242 36
9243 77
9247 51
9247 7
9247 18
9251 80
9255 26
9255 5
9255 100
9257 14
9257 45
9258 21
9258 39
9261 86
9261 33
9263 23
9264 46
9265 93
9265 90
9266 76
9268 38
9269 22
9270 35
9270 31
9271 34
9273 30
9273 77
9275 46
9276 95
9279 28
9280 55
9280 26
9281 53
9284 93
9287 38
9288 89
9288 15
9292 76
9293 89
9294 23
9295 41
9295 82
9296 45
9297 35
9298 57
9301 67
9304 73
9307 94
9307 88
9307 26
9308 87
9309 60
9309 45
9310 40
9311 24
9312 72
9313 42
9314 56
9319 90
9322 30
9325 43
9329 31
9329 73
9330 12
9330 93
9330 49
9332 56
9337 99
9337 28
9345 45
9345 28
9347 1
9349 7
9349 15
9352 21
9352 18
9354 11
9354 40
9354 98
9356 46
9356 35
9357 28
9359 83
9365 36
9366 72
9369 50
9371 73
9372 52
9373 89
9374 67
9376 20
9377 67
9377 31
9380 34
9380 95
9382 97
9382 62
9383 20
9385 71
9388 13
9389 97
9390 25
9390 15
9390 8
9392 4
9393 92
9394 48
9395 17
9396 13
9397 21
9398 34
9399 9
9399 81
9400 5
9401 60
9406 16
9407 11
9407 60
9408 79
9410 81
9411 41
9411 2
9413 62
9415 76
9418 99
9418 93
9418 82
9418 78
9419 78
9420 32
9421 90
9422 99
9424 2
9428 89
9429 35
9429 62
9429 34
9429 24
9432 64
9433 56
9433 15
9437 82
9438 38
9439 100
9440 76
9444 91
9444 25
9446 75
9447 70
9450 98
9451 64
9451 97
9451 52
9453 20
9457 96
9462 73
9465 79
9469 52
9469 84
9470 24
9470 39
9472 39
9473 89
9475 93
9480 15
9480 77
9482 46
9483 97
9485 51
9485 29
9486 8
9490 15
9490 21
9491 8
9491 50
9492 16
9494 42
9494 93
9494 89
9495 79
9496 1
9496 4
9497 69
9499 61
9500 4
9500 31
9501 53
9503 38
9504 3
9507 24
9513 14
9514 13
9517 51
9517 75
9517 7
9519 87
9520 28
9525 85
9528 25
9530 63
9531 61
9533 70
9533 52
9536 14
9537 11
9539 93
9540 7
9541 99
9542 29
9542 30
9542 54
9543 79
9545 44
9546 47
9546 6
9546 30
9548 99
9549 77
9551 51
9555 11
9557 95
9560 91
9560 60
9564 78
9564 72
9566 31
9567 66
9567 97
9568 57
9574 57
9574 8
9575 5
9576 98
9576 18
9577 23
9580 37
9580 53
9580 74
9580 39
9581 47
9582 39
9582 4
9585 19
9585 27
9586 7
9589 89
9595 92
9595 18
9597 95
9598 8
9599 61
9601 36
9601 23
9602 74
9607 86
9609 40
9609 68
9611 94
9612 97
9613 14
9615 26
9624 85
9625 80
9625 52
9631 16
9631 11
9632 87
9634 3
9636 23
9639 67
9640 91
9641 18
9642 22
9643 14
9643 28
9644 15
9646 34
9647 51
9651 17
9657 22
9659 38
9660 99
9662 62
9664 64
9666 95
9669 65
9669 77
9670 21
9670 49
9671 50
9672 44
9673 80
9674 39
9675 61
9675 43
9678 62
9678 21
9678 11
9679 99
9680 94
9683 21
9687 36
9689 67
9690 57
9691 48
9694 43
9695 84
9695 59
9696 61
9697 89
9697 94
9697 67
9698 42
9699 45
9699 80
9699 49
9701 43
9702 56
9703 63
9705 54
9706 73
9707 61
9709 66
9709 74
9710 44
9711 25
9711 62
9716 8
9718 59
9718 96
9720 55
9721 37
9722 51
9723 65
9725 4
9725 45
9727 67
9729 9
9731 93
9733 3
9736 64
9741 87
9742 71
9742 71
9742 5
9742 76
9744 54
9746 46
9746 19
9746 23
9747 73
9748 100
9748 90
9748 29
9748 25
9749 80
9751 13
9755 98
9755 85
9756 67
9756 64
9760 97
9764 26
9766 28
9767 61
9768 10
9768 68
9773 48
9774 21
9775 10
9777 2
9779 66
9779 59
9783 29
9784 73
9784 75
9784 89
9787 66
9788 8
9788 7
9790 71
9791 74
9792 71
9795 17
9796 38
9797 5
9798 56
9799 70
9799 58
9800 26
9800 61
9803 13
9803 2
9806 93
9807 78
9807 19
9807 2
9808 51
9808 16
9809 99
9809 24
9812 92
9813 35
9814 98
9816 94
9820 55
9820 30
9821 36
9821 60
9821 49
9825 53
9829 52
9830 91
9831 5
9834 2
9834 71
9834 75
9836 68
9837 90
9838 56
9838 87
9838 66
9839 8
9842 95
9845 3
9846 10
9848 58
9851 70
9854 24
9855 72
9855 8
9861 19
9862 38
9863 50
9864 71
9867 26
9868 89
9868 1
9873 3
9873 84
9874 52
9874 92
9874 71
9877 21
9877 91
9878 20
9883 28
9884 76
9885 83
9888 60
9889 89
9892 66
9898 32
9900 86
9900 99
9901 66
9902 65
9903 58
9904 90
9905 29
9906 78
9906 14
9908 17
9910 86
9912 1
9914 7
9917 24
9917 34
9920 40
9924 47
9924 52
9927 37
9929 35
9930 50
9932 81
9932 86
9934 55
9934 100
9935 2
9935 53
9942 55
9942 80
9946 16
9947 71
9950 45
9951 90
9952 50
9953 92
9954 54
9955 95
9956 97
9956 96
9956 16
9960 67
9960 53
9962 93
9962 83
9963 13
9965 81
9970 94
9972 11
9973 98
9974 49
9975 61
9976 82
9976 37
9978 79
9979 38
9980 67
9982 23
9984 72
9986 99
9987 24
9988 39
9990 15
9990 45
9991 38
9992 50
9997 58
10000 7
