1000 2000 1000
1 610 96466
2 384 39928
3 839 61246
4 187 57001
5 901 23084
6 933 52025
7 958 25705
8 238 46348
9 63 81542
10 648 17433
11 533 8902
12 208 14493
13 431 11439
14 787 99041
15 40 13475
16 158 86206
17 416 89767
18 536 22845
19 990 47304
20 90 73217
21 633 70267
22 26 93128
23 934 92196
24 605 17224
25 938 94727
26 745 66308
27 297 68363
28 673 19039
29 78 8528
30 97 79445
31 73 64347
32 994 68252
33 549 57188
34 759 21994
35 277 72846
36 533 33436
37 623 44361
38 882 32460
39 261 26689
40 931 98958
41 928 83496
42 391 97447
43 541 93315
44 721 59654
45 549 97199
46 277 1338
47 972 94796
48 871 43851
49 231 35663
50 628 86345
51 797 20688
52 350 39483
53 898 70819
54 969 916
55 461 55314
56 715 73843
57 367 52598
58 321 72442
59 640 78266
60 338 65380
61 373 77717
62 179 27543
63 310 73075
64 93 88354
65 614 78891
66 241 58713
67 732 66854
68 911 49118
69 638 92664
70 748 15915
71 396 89302
72 440 70314
73 260 82950
74 50 64285
75 842 38779
76 962 17747
77 877 82554
78 713 97347
79 764 44392
80 967 97057
81 430 34451
82 461 4536
83 234 11694
84 153 86304
85 710 69914
86 475 37971
87 131 11672
88 836 31601
89 202 20823
90 927 42516
91 838 91698
92 436 33831
93 608 10490
94 758 25603
95 13 91615
96 451 21761
97 723 47804
98 232 45609
99 55 41935
100 63 76608
101 42 56932
102 153 70627
103 583 2517
104 764 55054
105 297 15637
106 144 72931
107 510 31402
108 268 80141
109 235 7876
110 615 99833
111 665 4603
112 947 50485
113 778 30057
114 222 41026
115 780 17237
116 595 23990
117 265 58245
118 203 37461
119 168 43263
120 635 95976
121 120 62540
122 263 69914
123 90 64957
124 802 90375
125 666 5720
126 767 34775
127 218 97607
128 762 39493
129 286 86308
130 403 98528
131 434 98584
132 925 52610
133 692 43016
134 132 75022
135 759 88622
136 410 56751
137 124 18308
138 39 74197
139 997 42836
140 958 16642
141 885 35637
142 148 15464
143 907 16593
144 414 98413
145 259 65168
146 546 91374
147 572 58551
148 317 84039
149 878 66731
150 96 37009
151 158 86607
152 581 23959
153 667 19551
154 885 34463
155 703 22701
156 42 13426
157 277 70564
158 519 42890
159 280 91930
160 851 41601
161 572 91401
162 732 78012
163 765 44027
164 944 94386
165 668 84553
166 793 52101
167 845 89281
168 124 19681
169 156 59454
170 655 42614
171 981 99674
172 987 92218
173 915 78710
174 643 78447
175 117 18595
176 403 28033
177 728 99541
178 399 4421
179 804 15032
180 909 42480
181 628 73675
182 248 41512
183 800 35675
184 813 63571
185 151 95125
186 281 17847
187 274 7650
188 420 6288
189 788 725
190 913 88129
191 551 53047
192 629 46112
193 530 72184
194 348 61729
195 280 50776
196 886 16664
197 500 76930
198 941 49207
199 605 70875
200 205 57707
201 869 16523
202 96 22518
203 6 74814
204 483 93018
205 158 50164
206 313 55489
207 717 69955
208 845 79184
209 14 77594
210 612 53561
211 798 9619
212 378 83901
213 176 72659
214 747 93891
215 775 81495
216 183 99011
217 395 90399
218 5 59381
219 551 71994
220 395 87086
221 597 96254
222 79 66116
223 669 39959
224 426 84835
225 469 7806
226 563 22779
227 537 13809
228 79 23627
229 611 83571
230 821 3671
231 752 2045
232 5 12090
233 457 41427
234 471 93683
235 961 14645
236 932 69105
237 503 89775
238 634 39264
239 77 24999
240 145 69785
241 525 6223
242 223 36457
243 43 80846
244 213 57799
245 504 31133
246 304 25360
247 987 70098
248 973 95895
249 285 73561
250 605 96831
251 12 94322
252 7 88389
253 904 31223
254 143 94718
255 827 10009
256 179 62607
257 324 9238
258 486 31991
259 932 59325
260 315 57236
261 378 94556
262 466 86446
263 735 27104
264 799 67042
265 785 32313
266 892 3220
267 420 77968
268 655 8300
269 638 16206
270 581 85696
271 600 81918
272 194 20619
273 450 34004
274 193 70259
275 896 26611
276 852 97492
277 316 10181
278 199 57384
279 663 96553
280 817 74424
281 160 5927
282 514 81373
283 840 31293
284 22 95517
285 100 71969
286 103 63237
287 329 69406
288 459 83380
289 426 86388
290 352 53205
291 337 16070
292 943 35035
293 409 83324
294 627 12832
295 62 3120
296 596 3281
297 491 84028
298 106 20303
299 251 28894
300 349 14342
301 525 2453
302 763 23199
303 613 89560
304 236 19417
305 591 95569
306 457 38571
307 831 91421
308 802 45264
309 98 43103
310 867 57198
311 550 76878
312 757 23084
313 174 17247
314 503 35219
315 503 45092
316 403 17533
317 897 98589
318 211 30491
319 760 13303
320 851 80882
321 720 8091
322 190 5391
323 785 44978
324 892 63
325 652 50653
326 914 85882
327 761 16951
328 407 36766
329 273 93774
330 219 51791
331 8 56517
332 625 24157
333 205 53269
334 228 36539
335 474 3522
336 64 13357
337 898 68814
338 221 95902
339 115 16280
340 741 79878
341 808 95046
342 248 22303
343 549 74339
344 299 349
345 461 96142
346 25 19152
347 413 54636
348 698 36212
349 678 57855
350 935 61107
351 211 96597
352 238 22255
353 790 39505
354 717 43260
355 621 89016
356 964 54931
357 474 81211
358 326 52305
359 273 72410
360 226 23782
361 483 78967
362 827 24022
363 579 12917
364 944 20738
365 182 80088
366 961 28072
367 757 75975
368 109 46559
369 480 67310
370 939 20279
371 756 98159
372 972 96681
373 31 14630
374 774 84902
375 752 6356
376 176 39195
377 68 4933
378 686 47294
379 658 73023
380 335 70639
381 523 43760
382 181 99745
383 945 38915
384 644 28644
385 890 33888
386 640 77607
387 506 36360
388 121 77246
389 929 24381
390 149 12824
391 530 7569
392 209 61184
393 466 94233
394 435 65670
395 358 51859
396 522 20187
397 540 57667
398 790 54322
399 936 56839
400 446 74716
401 382 57594
402 158 20099
403 15 78495
404 784 79242
405 576 84627
406 450 45941
407 732 98861
408 684 33474
409 162 76938
410 762 98162
411 414 71028
412 189 11999
413 366 80832
414 393 99317
415 810 28488
416 298 13221
417 46 63434
418 808 44078
419 302 24144
420 988 21579
421 244 24602
422 521 60420
423 30 82166
424 217 13678
425 649 44914
426 74 62352
427 595 51238
428 554 44160
429 171 83311
430 321 4608
431 615 57609
432 835 87026
433 146 67184
434 502 89286
435 217 43961
436 741 76629
437 700 39932
438 238 50915
439 424 12590
440 744 51912
441 570 65455
442 884 43084
443 396 79849
444 347 63442
445 197 51339
446 584 13465
447 998 92570
448 120 62489
449 602 28390
450 286 82483
451 462 26260
452 967 44735
453 821 90951
454 761 88757
455 49 62921
456 413 21211
457 584 72673
458 176 35874
459 305 4819
460 605 79622
461 272 44785
462 244 29675
463 953 35036
464 241 47422
465 951 59014
466 917 73198
467 126 95317
468 34 60620
469 156 33761
470 108 5931
471 329 72209
472 325 14375
473 239 40351
474 747 80624
475 457 21545
476 106 18278
477 132 58917
478 678 17449
479 971 977
480 824 63347
481 989 38032
482 661 98759
483 733 43914
484 859 61891
485 132 86772
486 859 14991
487 468 50949
488 905 79723
489 147 59945
490 989 67782
491 810 39304
492 103 48836
493 540 44903
494 219 87952
495 553 75002
496 704 50156
497 528 55980
498 134 92382
499 127 1265
500 426 24005
501 96 31363
502 722 21718
503 808 68888
504 777 82623
505 842 43341
506 322 79744
507 770 44256
508 708 55584
509 156 48124
510 496 15675
511 784 77614
512 656 6907
513 723 45540
514 697 56347
515 39 67246
516 754 30285
517 708 95055
518 77 25233
519 229 22986
520 923 68564
521 351 1514
522 954 50932
523 716 74232
524 170 98469
525 492 28945
526 985 27961
527 442 83446
528 759 96652
529 762 28820
530 484 51383
531 377 20181
532 932 14036
533 78 20205
534 964 33399
535 822 44284
536 466 27722
537 641 14116
538 286 72635
539 774 77846
540 624 87459
541 551 89067
542 481 2481
543 254 92035
544 328 93448
545 757 9032
546 513 34856
547 176 92898
548 848 53874
549 72 3543
550 647 93130
551 944 432
552 595 16565
553 789 86031
554 679 8210
555 263 52555
556 500 3563
557 114 68544
558 924 88625
559 888 34239
560 486 90321
561 119 33111
562 642 50171
563 419 22180
564 390 53871
565 819 3825
566 479 56915
567 220 47048
568 761 86047
569 195 282
570 354 37123
571 963 11512
572 156 5176
573 211 26364
574 736 4985
575 496 13176
576 838 68855
577 363 41739
578 344 46664
579 974 44147
580 838 89152
581 68 17939
582 949 25174
583 883 17144
584 973 45457
585 938 41175
586 973 45380
587 276 76176
588 602 1033
589 282 10706
590 729 61511
591 882 55136
592 390 61680
593 860 13014
594 812 15966
595 723 1895
596 277 84582
597 646 66046
598 707 12330
599 702 39773
600 2 12599
601 536 56811
602 688 47801
603 399 55528
604 841 51184
605 188 82751
606 352 82582
607 319 21748
608 756 96769
609 833 87930
610 921 84188
611 915 10003
612 275 61753
613 632 86974
614 202 87629
615 170 71434
616 807 71200
617 242 76291
618 778 94750
619 667 75653
620 914 4354
621 909 32024
622 461 75997
623 826 11445
624 618 47076
625 901 5351
626 304 35439
627 408 9689
628 853 89071
629 988 47423
630 473 92519
631 84 67683
632 346 31127
633 316 7820
634 714 56269
635 479 38629
636 59 45143
637 288 58944
638 369 40897
639 355 22882
640 891 38390
641 992 91492
642 566 47003
643 18 44994
644 237 42794
645 382 11899
646 836 97698
647 722 89904
648 347 53861
649 814 64183
650 512 35280
651 974 20832
652 149 58684
653 206 85203
654 289 78075
655 390 79802
656 70 50542
657 74 69505
658 433 82969
659 702 13600
660 282 40573
661 197 84072
662 442 76926
663 980 69678
664 994 60609
665 913 51043
666 612 59146
667 397 41388
668 819 76744
669 528 26687
670 421 75346
671 483 56063
672 582 9153
673 661 88663
674 751 92638
675 447 11429
676 95 84197
677 349 10582
678 537 33823
679 954 71414
680 868 793
681 641 59901
682 153 55730
683 747 83633
684 805 56778
685 59 16549
686 169 13461
687 900 38667
688 310 81052
689 121 37037
690 690 45881
691 535 68010
692 698 74154
693 255 43092
694 783 37737
695 794 36567
696 984 83206
697 454 48908
698 898 80533
699 105 35424
700 551 67802
701 820 11657
702 753 30540
703 467 28502
704 242 77783
705 576 89010
706 392 43968
707 550 87865
708 115 18745
709 146 46997
710 422 19455
711 19 31448
712 849 7589
713 175 53573
714 262 88866
715 396 32279
716 460 89508
717 849 14823
718 122 78897
719 683 84502
720 288 66594
721 857 44375
722 525 28540
723 609 6896
724 520 25571
725 785 2133
726 931 2091
727 218 4810
728 742 95552
729 501 71546
730 435 64238
731 450 70963
732 927 45915
733 860 15533
734 158 41238
735 176 32947
736 283 76682
737 761 42669
738 503 8317
739 134 72071
740 610 90216
741 524 77050
742 274 27759
743 60 53462
744 307 57719
745 353 71747
746 227 5577
747 317 17753
748 953 31666
749 417 64573
750 155 10095
751 517 15773
752 907 78504
753 487 77156
754 840 57820
755 389 90767
756 926 5420
757 636 81051
758 205 33969
759 883 48480
760 632 82584
761 478 51929
762 328 41743
763 157 62440
764 438 17167
765 315 12931
766 368 27440
767 572 91436
768 55 47367
769 196 91195
770 304 58758
771 82 65667
772 335 55948
773 150 9667
774 769 32780
775 499 55552
776 836 15277
777 50 35127
778 867 47106
779 313 58413
780 795 81394
781 313 7408
782 588 57754
783 580 78537
784 706 14439
785 949 98958
786 630 87979
787 815 94641
788 244 38431
789 338 24105
790 141 18437
791 772 90111
792 696 64007
793 868 33454
794 235 49716
795 570 42866
796 933 11206
797 381 94530
798 517 3110
799 736 62865
800 961 53852
801 879 72186
802 82 64964
803 577 65363
804 805 69020
805 925 8613
806 480 43739
807 817 11127
808 725 37619
809 659 5120
810 15 34920
811 379 91567
812 344 49759
813 469 13599
814 604 74064
815 322 71322
816 555 56198
817 162 67459
818 962 75868
819 804 94835
820 214 80532
821 858 276
822 106 6750
823 855 20644
824 144 38270
825 889 31646
826 359 94251
827 221 36253
828 883 45187
829 577 33173
830 884 32183
831 84 80741
832 429 43281
833 379 44004
834 688 40668
835 754 67105
836 213 76521
837 806 60325
838 687 63939
839 25 96857
840 761 42665
841 405 95589
842 200 71636
843 99 83896
844 754 48639
845 715 89453
846 148 71863
847 475 81
848 434 68379
849 62 83527
850 763 17911
851 843 52361
852 882 45949
853 255 80316
854 713 56960
855 686 18531
856 491 83373
857 519 63764
858 994 76417
859 463 56809
860 944 12461
861 576 96523
862 748 34681
863 92 95183
864 773 55449
865 328 37299
866 862 87914
867 512 72154
868 2 79629
869 620 47449
870 340 9489
871 261 68690
872 55 13325
873 19 67446
874 908 60209
875 36 56988
876 896 68590
877 272 50865
878 432 24136
879 771 26530
880 27 88011
881 26 9963
882 492 4754
883 481 6408
884 342 79604
885 418 7813
886 959 66673
887 981 47342
888 406 45691
889 153 54196
890 754 67407
891 948 93263
892 696 88312
893 907 13003
894 452 79273
895 438 88333
896 37 2235
897 813 91917
898 731 63273
899 145 84069
900 205 29256
901 567 33575
902 130 92214
903 418 15084
904 99 79184
905 171 67113
906 538 49829
907 316 7452
908 258 80626
909 885 74396
910 679 38251
911 850 8786
912 616 40209
913 221 1745
914 122 41296
915 521 48872
916 719 56838
917 466 37900
918 38 89068
919 831 16544
920 141 86133
921 478 48718
922 906 93583
923 935 49623
924 911 64213
925 11 9602
926 500 7636
927 431 41514
928 839 95938
929 432 13980
930 655 51257
931 309 92722
932 388 60596
933 98 16440
934 305 17313
935 189 16028
936 786 37477
937 88 15101
938 506 30191
939 392 26153
940 615 82623
941 703 78873
942 217 12455
943 452 98577
944 277 25339
945 17 92916
946 737 84979
947 179 73370
948 956 86096
949 282 51404
950 528 7984
951 17 4059
952 415 76766
953 750 94817
954 500 45858
955 838 9751
956 980 38930
957 459 83590
958 835 13394
959 337 22323
960 385 35940
961 487 36204
962 47 41778
963 523 51733
964 783 10647
965 934 368
966 792 64478
967 105 42295
968 233 9893
969 607 73634
970 730 19701
971 775 75555
972 526 8305
973 159 41522
974 415 11826
975 998 27821
976 960 84438
977 105 99661
978 285 56404
979 836 58855
980 288 64265
981 141 73094
982 381 59579
983 381 45306
984 77 11271
985 632 65863
986 231 67984
987 314 41369
988 770 86380
989 9 25696
990 3 33814
991 595 26101
992 43 46845
993 519 77646
994 562 65525
995 481 45135
996 850 33725
997 635 24343
998 562 83207
999 665 40087
1000 624 64797
44 551 11070
442 78 77947
333 884 59122
874 712 14989
498 213 68809
126 720 3565
259 370 4531
68 112 57710
226 730 84425
983 42 15049
230 220 35518
226 387 30844
264 472 41036
61 882 89791
748 667 79547
481 907 62769
937 636 28934
933 800 38047
569 661 54417
706 531 8555
963 265 16573
85 659 92874
277 993 22561
423 343 58359
31 742 16192
157 113 51661
138 29 571
919 83 63784
353 948 64210
760 337 67540
875 423 87484
154 102 55465
688 558 51871
749 206 14066
511 328 96700
696 165 68118
804 539 59605
715 248 68777
773 659 15945
254 169 90604
118 614 7440
763 529 35583
839 36 88550
821 483 37580
48 150 51932
886 525 39112
875 291 62407
839 670 62316
778 78 90609
545 122 64269
498 93 32398
493 105 22429
915 710 84816
375 412 86544
957 727 24576
351 173 42913
337 566 34425
196 485 43953
873 440 46764
781 478 70146
291 198 35467
590 842 42221
541 715 13873
820 944 63327
806 492 73385
897 849 3415
572 326 22864
291 990 21294
438 204 34932
220 486 23135
766 233 66319
354 496 57958
689 55 10707
216 137 39246
66 948 37926
851 885 7353
221 337 51789
454 809 4180
266 238 94650
235 429 83156
496 776 78693
986 717 303
105 297 5936
241 916 11501
17 311 47420
132 928 13592
51 920 6154
13 539 75596
839 651 79059
613 597 67597
416 163 69349
167 312 29672
3 862 41037
981 535 20562
978 578 54638
283 957 19445
223 858 3845
211 587 95788
16 944 37520
538 575 11044
262 410 13588
497 481 62142
52 998 11746
900 544 37632
271 404 11013
948 675 62289
789 839 42350
82 359 18839
818 105 30766
260 201 77533
791 796 49050
140 713 83970
119 33 46211
327 656 95740
71 849 70583
990 285 49408
695 51 94464
218 712 10458
879 138 74041
765 778 988
370 867 80032
519 829 60844
176 63 60125
233 56 49305
728 483 85698
158 300 65815
827 137 24122
411 530 58676
516 468 89242
381 728 60135
613 509 4593
182 496 4360
51 769 86024
702 578 65993
203 54 42762
299 541 58758
958 684 46180
525 37 49477
640 365 27061
952 502 79807
316 727 25619
255 176 89545
685 766 66409
656 303 84590
478 577 13143
764 270 36130
987 913 12461
171 652 71889
609 913 24213
955 63 20797
984 933 24914
133 377 78376
475 243 39813
487 172 16869
516 228 82499
553 518 48067
976 357 98207
801 646 54281
293 249 32894
160 432 18868
29 135 64906
926 96 89299
35 357 40357
324 534 15015
282 346 10447
837 53 67088
797 818 91468
319 325 96669
215 497 97212
366 432 5180
893 44 28189
304 962 6810
65 301 91733
359 326 30074
340 971 43311
296 602 81428
863 240 81652
669 864 59443
160 391 68297
821 58 1098
27 749 40316
377 157 81989
358 490 83836
596 912 94841
283 978 9167
70 876 62557
340 558 28360
205 679 863
550 719 12209
946 536 87833
342 402 31398
94 161 90753
909 158 88336
296 610 65580
449 442 28005
307 642 36379
981 422 70844
401 985 49060
767 635 24857
276 690 91261
887 707 50702
417 107 76662
797 435 79793
872 380 16425
36 351 93167
856 898 70457
23 515 8195
169 712 48866
313 894 81844
830 260 99361
214 441 51981
463 794 71494
47 110 16200
738 885 16754
554 201 85839
244 16 85850
824 877 90687
333 971 79750
591 141 33916
839 272 31448
617 643 4657
84 943 34037
231 591 87552
76 533 48218
361 929 26667
206 884 89694
735 573 70662
809 878 9148
238 135 29507
186 118 73303
752 349 2181
946 786 6021
406 142 16639
881 266 89260
82 793 46728
917 970 39554
739 581 3675
737 415 48411
557 627 74137
716 467 41382
279 205 82642
6 176 16787
342 419 44072
323 122 12003
692 397 55378
762 131 10025
161 98 35136
536 926 96186
957 542 43773
288 303 64023
483 310 46687
215 921 79667
335 37 49083
212 593 61035
24 952 25401
231 92 43530
717 114 20907
231 248 55466
780 306 78519
97 163 91467
386 779 6855
18 835 23130
980 74 73061
578 862 62934
840 309 91600
490 361 94919
532 239 57312
252 132 51034
891 407 42020
402 273 39627
719 351 6009
665 944 17457
15 464 3238
425 510 29129
109 488 4697
927 951 40853
362 545 31380
632 764 36125
118 958 34733
733 644 21768
392 344 67189
529 694 14834
472 419 75247
175 98 21737
597 323 34961
752 467 15215
227 230 13279
370 804 65812
219 116 92577
209 399 57768
293 533 72998
166 598 94725
944 773 88504
368 846 55672
812 439 53773
269 139 11395
888 113 63259
970 225 96247
211 129 60895
67 305 51236
457 785 76007
326 96 76113
874 617 32835
936 824 91649
586 165 4190
167 588 1679
285 244 49751
8 18 33667
585 397 36423
395 211 92835
529 942 71265
608 422 15868
10 367 91812
51 768 14181
502 44 78887
133 958 35160
661 770 17393
3 202 26530
235 441 43221
78 907 4032
723 35 59471
976 204 15083
760 894 92937
78 753 51329
215 951 65367
538 486 29477
337 654 799
860 227 48097
815 727 24902
969 905 71159
941 58 50805
398 737 59489
625 983 8349
170 673 76294
74 387 11457
311 256 57317
837 902 35474
456 524 95996
13 530 20150
450 844 70304
390 169 66330
516 986 76016
443 905 4403
485 807 47094
680 278 30537
557 937 74667
939 815 42492
171 405 80427
501 878 9111
930 514 77691
890 13 86739
382 15 91257
801 847 96992
898 513 5249
559 473 49773
83 500 89646
484 581 21708
989 826 40011
815 291 90011
72 346 91743
789 956 95633
343 307 32749
208 93 99383
612 925 20894
874 233 91671
282 301 38115
796 638 4130
99 133 32200
618 760 98174
33 773 64725
993 731 7051
143 583 62909
82 203 43199
465 333 14184
131 299 44607
997 444 25807
585 545 10889
440 988 22232
869 374 30221
590 555 88808
384 665 76457
22 727 66566
421 993 83165
396 266 13503
392 932 68857
447 721 31993
372 722 6311
105 311 56944
986 30 16228
607 651 28712
651 869 3478
123 444 33134
309 294 96406
701 113 44945
178 467 21513
7 469 51273
738 247 9328
191 779 13794
808 187 88258
730 329 65055
939 333 83149
821 883 85225
283 819 18958
269 209 62645
76 875 56203
184 342 839
232 343 63894
859 905 14656
825 526 2414
760 523 90939
181 103 29922
326 294 51881
216 613 97933
734 641 86015
72 26 59775
66 472 2471
822 902 78316
74 903 83818
910 43 23262
546 954 91007
44 453 71074
28 241 99397
387 646 43581
914 585 56605
344 238 43498
565 554 55942
358 757 33637
901 211 66527
993 283 49789
958 578 1122
478 918 39897
740 712 20673
989 888 3085
605 658 37432
211 110 10653
761 869 37823
469 301 85412
124 944 73407
233 954 9341
707 962 24934
875 171 59691
67 513 63811
342 284 28653
667 720 86686
777 270 44574
37 546 11721
402 140 96043
861 511 48492
963 361 81025
570 247 97809
560 881 12511
667 365 92797
986 664 31971
352 462 50474
228 172 3546
391 812 43111
561 48 10693
678 284 10893
67 417 98885
707 176 42839
147 262 99947
659 7 2121
758 925 38714
492 468 93315
367 390 8917
113 21 71642
545 288 15281
663 422 25682
311 655 87553
878 814 25789
446 562 61621
198 575 13174
153 790 93218
725 892 72785
958 775 82832
192 539 78701
185 123 42836
535 421 84877
574 225 10660
230 951 34331
277 676 13683
665 601 38534
436 6 12926
17 709 81196
334 548 2723
935 777 38513
753 139 14106
12 466 40846
787 427 83388
404 835 3031
256 623 17815
366 626 69490
478 339 70897
687 228 52964
511 732 42271
616 802 27858
409 420 74577
382 571 92085
612 532 74378
892 604 23029
374 44 64703
549 287 20589
997 977 1186
649 352 40226
412 321 1037
485 71 46277
686 228 22571
970 332 15514
145 970 88399
681 615 3625
404 212 13003
432 477 9850
632 338 92417
764 780 53544
766 676 1100
55 488 98402
173 811 21778
389 866 36617
880 811 24177
155 218 34916
737 672 26365
61 87 85302
463 95 52841
30 915 32209
886 315 77215
737 211 85999
98 508 43034
574 881 23462
702 311 5018
544 679 68447
530 960 97016
906 844 32664
414 191 45681
274 248 42542
663 989 31710
590 104 20541
978 660 32074
361 306 1254
22 944 61320
274 262 14069
483 40 31259
878 933 19319
90 765 8450
938 340 52348
481 886 71912
793 129 40429
589 131 37751
833 715 94088
37 771 72579
941 69 8454
911 370 89981
600 951 75635
251 565 79949
249 511 57671
49 160 4080
591 495 43654
607 22 29650
913 409 51481
263 380 77348
438 359 13010
426 318 24382
725 808 55846
439 400 27424
620 338 94079
946 21 39173
486 955 10994
327 146 18418
256 692 21078
221 641 95465
754 827 59302
980 596 15667
819 16 74298
356 638 18098
445 169 28789
149 856 80357
894 814 28150
185 379 89944
64 859 27320
603 654 12041
847 43 783
676 597 37995
320 384 89473
689 35 82584
730 62 81220
993 690 77570
416 3 79403
529 153 9197
234 892 82339
678 236 57571
740 535 40455
22 949 47229
74 853 11551
702 451 69685
57 409 24303
984 349 29559
165 809 44174
915 264 17466
861 24 45347
67 688 12767
713 203 73155
700 976 59476
373 116 90414
335 103 19995
649 134 68326
175 917 93263
477 532 97335
422 632 6469
923 593 30779
517 934 25433
364 239 56155
346 554 69750
739 455 10370
956 461 57726
947 127 73955
979 316 12502
655 549 48857
919 37 35193
163 930 90683
995 170 87378
37 716 46601
454 658 42225
509 306 83290
957 962 81139
918 999 8152
242 479 83677
312 764 73650
637 85 30792
193 286 80012
779 435 95779
398 15 1427
162 675 15346
724 578 32424
677 857 15080
564 612 67730
998 943 38571
625 386 39278
957 204 89461
912 373 18511
39 38 26744
12 472 97847
378 505 21919
4 668 27758
830 49 76823
727 915 99758
153 132 23216
329 194 50412
371 194 66825
560 264 67874
720 189 52196
441 255 32652
339 834 90412
585 500 4113
771 413 71674
243 516 56369
545 896 92726
501 373 34836
942 700 46919
686 562 82739
385 501 53671
261 211 32995
939 936 76558
444 654 65255
825 556 33612
251 238 84086
917 318 27592
687 345 1691
635 120 24843
643 717 18800
608 31 5919
101 607 52590
672 857 98974
881 305 18989
833 626 84902
696 118 5139
629 820 80549
209 22 16707
288 480 26120
408 453 88805
585 277 6427
416 151 97292
290 334 95662
131 4 3900
823 972 74349
178 358 76505
601 725 83309
147 182 34686
348 398 25104
604 443 62965
947 504 34110
170 74 53429
688 791 76912
828 460 2067
543 579 70351
303 316 24415
370 875 20735
748 587 20957
113 981 43491
998 46 50973
963 651 78669
369 57 88701
611 284 84112
819 434 24409
647 732 82265
348 675 36745
246 884 60169
769 997 67787
122 507 37538
610 813 42057
317 628 97416
272 758 26696
468 370 93685
946 842 17705
406 480 90178
678 31 96057
757 381 97787
215 510 62515
118 817 965
374 70 62061
718 739 7362
715 172 85998
815 573 84489
992 495 51662
746 509 41776
61 8 31501
509 909 79766
922 22 49507
432 261 72404
631 39 44535
244 136 97072
438 365 47157
318 510 58814
816 648 88719
329 748 71388
841 801 56715
704 505 69850
792 226 23379
38 101 66346
883 190 5866
388 707 83376
863 73 13377
966 409 16133
416 135 84541
197 771 43766
272 221 72207
501 588 78002
53 306 32872
176 205 18508
563 968 73423
387 239 28003
576 408 87958
704 963 36289
755 790 85979
670 710 79442
145 632 24793
223 590 81528
559 998 80741
171 60 14015
678 69 63489
452 404 16768
317 417 56236
755 564 1698
317 491 85374
152 482 55368
496 943 47243
912 262 33591
27 994 95677
255 603 75482
895 891 26535
393 367 57391
319 235 23702
124 226 93158
707 82 1031
478 958 18965
150 760 83618
575 534 35627
593 861 32463
232 237 41233
353 760 6897
263 272 60734
419 48 38457
715 894 80421
172 319 12854
275 265 54342
93 967 22358
803 839 37270
491 546 81866
97 806 37536
952 350 83903
288 441 52559
688 353 73976
380 556 77679
103 764 84780
28 12 34197
193 115 93846
914 539 5260
153 598 49630
536 950 43874
497 217 21816
63 852 32721
327 477 11107
305 998 94483
656 651 20596
317 120 99230
459 614 49886
454 897 61793
917 241 87268
652 733 9456
565 770 37760
155 884 50408
300 693 79150
839 858 45963
848 854 43053
260 840 87967
976 196 45902
252 879 62859
605 224 48614
33 386 2952
981 575 93755
678 412 83830
209 781 24247
638 747 66938
643 42 92718
877 589 92862
509 340 21735
131 749 70892
359 501 94478
456 671 16224
943 619 17858
300 447 75000
120 600 24761
701 498 85637
372 6 45704
322 394 86797
84 853 79094
94 297 75493
301 152 80683
205 3 98986
802 135 70197
186 194 26571
605 34 50000
970 159 91726
700 130 58810
533 908 77736
289 538 49438
616 45 14214
270 780 88520
991 876 28014
773 294 66279
848 869 83246
163 977 64628
201 643 92227
841 806 18137
227 106 91155
787 129 5913
377 935 69778
471 685 61078
915 208 66188
57 956 53842
989 558 92688
391 711 76792
431 367 8986
890 847 72530
668 94 33519
910 939 44488
941 506 12290
92 497 13314
897 325 30789
305 778 67767
47 869 81378
845 69 59928
497 603 61686
442 11 19186
218 186 41266
151 687 17175
361 208 88476
11 319 47430
132 562 63256
6 807 50981
531 476 7036
836 517 42025
9 672 36464
363 9 1751
909 48 73139
684 766 79209
578 749 38047
189 108 78911
205 941 73973
134 410 96889
731 281 51189
810 106 22370
995 671 34785
702 664 42065
409 315 52808
851 268 37177
8 370 53662
116 836 68977
575 897 50558
913 153 15055
122 877 61772
639 674 4537
240 113 51698
134 544 26697
5 247 47558
325 778 4619
361 35 47548
148 565 53200
562 997 77430
127 461 58657
271 543 24495
772 133 96755
139 444 6322
680 60 98896
443 267 30106
763 242 13087
400 362 21804
325 432 50406
499 524 9125
50 546 30608
744 234 18427
474 822 4650
940 768 48748
337 259 66809
982 271 13087
460 328 28809
969 783 81178
844 541 12531
311 72 72929
140 53 92007
298 391 28382
473 443 76391
144 464 22288
524 57 76125
846 322 87036
616 896 67231
148 459 22458
997 272 27614
866 836 16139
782 731 36245
903 644 71500
312 952 73387
148 29 94095
786 24 54230
802 24 38743
493 835 6261
62 287 61406
738 274 5492
893 809 56848
255 824 92055
109 332 23188
431 493 34255
777 255 20338
972 919 29022
928 877 2798
381 682 93162
236 848 67601
869 602 93142
700 358 30620
99 566 45229
404 457 42370
436 619 82929
851 568 95432
189 881 81417
708 770 40599
940 137 52843
975 316 1814
184 76 1099
244 421 97618
278 751 88311
114 633 43444
949 637 8955
366 528 78046
504 725 18335
477 194 72435
96 92 3587
203 962 69988
630 557 91048
72 606 94521
581 989 18677
947 502 97610
27 969 18719
212 451 33431
154 579 15934
673 190 49104
38 582 26477
898 7 55433
413 908 83094
624 97 66893
264 916 17244
242 897 69303
539 565 3877
467 467 22381
62 495 81809
580 451 28348
27 735 78288
776 440 91751
630 601 74012
170 855 94302
3 591 18998
643 977 45141
302 462 12125
722 731 2 1
684 888 34 21
112 195 28 20
153 301 9 3
77 822 20 5
162 892 194 134
332 589 28 6
767 861 10 9
234 833 23 1
217 687 6 0
59 784 4 1
2 119 6 4
699 940 18 7
437 856 29 26
330 976 6 2
74 807 19 16
655 788 38 16
740 962 43 22
793 900 6 0
54 992 144 89
236 755 22 13
250 727 56 28
572 596 3 0
300 420 1 0
514 743 28 16
246 898 17 3
161 594 7 3
241 607 29 13
215 302 21 5
131 557 31 5
124 806 13 7
267 642 4 1
83 197 26 20
160 960 11 9
354 541 20 17
397 436 5 0
538 919 5 2
385 394 3 0
591 980 25 15
456 604 10 6
293 686 27 22
373 473 18 3
342 967 9 6
133 822 13 4
936 993 10 7
604 744 35 33
791 883 13 0
318 804 133 82
353 490 7 0
353 957 3 1
13 163 31 0
49 302 29 5
278 374 25 14
108 857 27 5
222 982 17 11
47 592 91 17
206 222 2 1
257 939 23 2
259 787 6 2
765 970 30 7
262 704 18 17
131 233 12 5
244 845 125 112
72 787 20 14
99 748 26 0
430 466 5 0
5 52 7 0
96 281 13 12
430 838 71 3
127 293 18 10
346 366 1 0
538 828 33 1
545 575 6 4
359 398 2 0
430 967 12 7
762 918 31 26
522 615 27 21
169 759 73 24
618 849 24 1
397 673 28 27
359 509 21 11
607 938 12 2
774 867 17 4
432 534 19 5
135 506 2 1
163 511 10 5
598 631 5 4
42 586 31 17
262 756 26 3
41 948 18 4
77 174 26 11
339 395 18 2
243 805 16 9
196 503 4 0
136 560 15 14
378 851 35 32
366 483 11 7
544 645 4 0
104 115 1 0
246 492 37 20
40 61 5 0
253 696 141 40
380 839 27 19
32 819 67 1
777 868 18 1
152 301 7 3
104 654 11 1
474 636 9 6
12 315 4 0
330 495 32 4
94 531 14 8
234 444 4 0
430 574 23 2
644 699 13 12
47 262 17 13
171 786 67 10
234 947 21 9
636 703 22 18
407 939 29 21
182 687 18 4
169 950 119 41
619 964 58 7
342 858 26 14
214 806 166 38
224 628 107 7
72 871 186 160
65 132 9 7
685 719 7 0
354 366 3 0
600 750 25 15
467 968 166 89
224 803 25 21
40 683 24 9
315 507 49 39
20 370 74 44
114 994 26 6
291 352 1 0
309 821 12 7
374 950 24 8
69 509 72 13
320 850 18 1
480 797 10 5
765 806 14 2
226 728 2 1
549 859 3 2
83 274 27 4
102 158 11 2
10 428 12 7
263 489 1 0
193 899 18 9
203 319 30 8
519 596 9 4
904 941 10 5
445 917 60 45
81 226 9 7
426 503 17 4
86 582 16 8
92 663 30 21
337 887 27 9
122 572 5 2
321 928 22 17
90 687 12 0
237 454 9 5
611 991 20 14
264 332 12 7
20 185 52 19
54 902 2 1
184 915 28 1
92 336 31 14
117 820 28 12
579 659 18 13
369 694 20 6
561 686 15 7
586 939 15 5
373 705 2 0
170 609 3 1
240 934 152 30
6 570 9 4
31 922 10 8
96 259 7 0
566 920 6 1
563 806 26 6
24 407 4 0
12 484 13 6
304 665 31 15
589 779 29 28
254 277 8 4
99 232 22 5
464 903 23 7
149 295 2 1
368 936 7 4
209 750 9 4
323 899 13 9
411 637 13 0
659 955 5 0
92 914 18 11
195 896 124 95
287 877 15 0
12 768 27 22
169 302 17 11
94 290 29 12
29 505 17 15
885 969 13 12
517 798 19 3
535 698 13 10
454 687 19 11
180 909 18 14
320 744 24 22
158 942 201 90
451 661 14 6
522 934 16 7
312 808 119 20
193 295 8 1
511 899 81 18
181 380 17 6
62 592 174 34
21 850 18 13
275 526 13 3
190 443 4 3
627 866 27 18
592 761 2 1
442 500 18 2
164 250 17 5
346 847 74 55
318 499 36 6
46 302 10 2
676 732 1 0
819 996 28 13
57 742 3 2
341 768 5 3
398 702 25 22
844 987 25 9
195 736 14 5
515 779 63 1
273 832 105 78
905 984 25 5
642 686 11 10
51 191 19 5
314 361 2 1
70 894 18 7
105 520 80 64
403 759 26 22
284 760 148 133
543 764 26 1
185 686 26 21
348 637 6 1
483 772 17 13
210 793 84 51
747 897 9 1
602 775 9 4
76 647 31 13
421 639 54 45
619 788 42 6
53 768 130 28
503 594 23 10
490 602 29 22
452 703 21 13
711 888 31 1
365 530 15 4
639 965 26 3
213 925 18 15
93 141 11 0
194 919 4 2
440 838 24 4
262 690 28 22
576 997 51 0
349 718 7 5
154 993 9 8
851 932 7 1
609 659 14 3
114 753 11 8
61 872 4 0
374 740 62 58
398 653 4 3
215 968 17 4
71 377 7 4
688 785 23 18
98 699 9 4
9 28 2 1
69 102 7 6
309 514 2 1
232 304 11 4
149 970 7 6
316 940 11 9
293 936 30 18
511 548 11 8
136 436 27 24
561 588 4 2
111 656 51 43
605 676 19 5
373 479 6 4
67 133 1 0
461 633 25 8
171 977 26 11
928 966 10 1
53 492 27 21
46 631 119 33
331 563 5 2
625 759 27 26
460 761 26 25
209 221 4 1
497 534 6 3
77 465 30 23
375 654 24 20
957 975 4 2
80 598 7 5
146 912 21 14
128 745 29 9
59 765 30 6
668 869 27 11
516 814 1 0
304 480 4 3
196 383 11 10
434 868 105 41
236 676 27 22
211 959 14 7
355 515 7 6
371 842 86 63
665 931 66 27
38 277 22 7
342 804 101 76
134 534 16 1
577 631 11 8
102 355 56 3
217 598 9 3
372 557 12 2
79 92 3 2
41 844 10 8
453 707 9 4
518 621 3 2
82 137 16 6
654 666 3 0
160 837 1 0
414 727 4 1
601 779 20 18
450 686 12 0
505 798 3 2
82 92 1 0
200 493 4 3
660 726 20 17
347 415 2 0
92 723 9 6
84 242 16 12
95 222 4 3
491 618 27 7
133 913 95 90
773 801 9 3
291 482 25 16
163 819 131 127
190 908 33 10
415 768 7 1
190 914 8 2
49 445 30 18
223 802 20 8
41 486 14 8
43 890 1 0
540 983 16 9
978 994 1 0
370 496 4 3
97 568 17 2
292 313 4 2
61 287 60 56
690 915 24 17
20 954 34 2
482 629 6 3
102 242 24 18
678 995 12 6
673 791 19 9
288 683 20 11
484 638 25 2
872 917 15 13
253 956 30 4
144 253 27 25
212 557 20 3
113 820 182 54
513 973 152 15
300 568 23 22
129 581 108 91
245 383 14 3
123 851 18 2
132 591 44 34
554 621 14 2
572 769 7 3
713 869 3 2
293 893 85 47
229 609 21 7
164 574 3 0
205 568 23 6
51 516 10 6
23 173 3 2
31 374 2 0
666 953 94 56
98 943 18 8
307 863 1 0
158 304 19 13
105 138 4 0
187 992 230 228
511 767 13 3
330 828 20 11
382 486 21 3
506 627 18 4
178 470 8 7
747 991 30 10
244 491 18 13
141 906 4 2
789 920 17 14
195 581 5 0
59 906 12 11
630 703 23 18
316 550 17 7
531 921 9 3
11 184 41 12
431 751 45 40
579 826 19 1
21 459 13 4
470 778 27 4
260 999 26 13
349 813 4 2
158 296 30 17
202 595 29 15
195 616 23 6
319 789 30 29
20 934 166 19
93 381 19 17
267 921 193 38
634 917 18 10
260 946 14 13
375 718 24 6
454 609 14 10
605 895 36 13
237 313 8 1
49 347 64 6
410 718 21 5
154 716 125 101
558 726 37 19
255 625 31 26
485 664 13 0
343 736 11 0
288 326 3 2
494 721 3 1
52 164 18 12
123 344 6 4
207 379 6 1
312 597 27 15
126 985 229 9
10 952 8 7
556 950 130 118
400 491 29 22
859 905 8 1
605 665 14 5
574 666 11 1
448 738 48 10
363 535 1 0
41 513 27 16
301 671 7 3
99 181 25 14
51 789 20 15
525 887 18 14
766 977 6 5
113 952 30 6
608 793 12 5
479 712 21 7
232 543 21 8
877 955 16 3
403 693 29 21
411 691 87 46
290 913 18 0
973 996 1 0
511 810 89 11
91 898 2 1
477 681 14 1
59 107 2 1
148 479 2 0
31 811 56 46
345 906 8 1
185 697 11 1
230 275 8 3
225 680 72 15
317 959 10 6
21 815 197 192
532 902 29 5
96 969 22 0
71 466 4 1
466 593 8 7
220 663 30 29
13 370 9 1
594 756 28 26
316 388 9 6
738 977 15 1
132 826 28 11
338 602 2 0
490 757 41 22
458 672 25 17
284 810 22 16
169 262 21 2
79 882 147 94
314 610 10 5
36 897 66 26
622 999 17 3
800 931 16 2
71 734 16 14
178 801 22 15
814 965 8 0
324 879 33 15
33 692 18 17
145 620 25 12
379 404 6 0
109 272 23 4
23 794 18 11
66 739 7 2
620 750 11 7
70 304 7 3
16 884 29 25
676 938 56 1
345 666 7 5
369 980 189 114
275 678 19 10
559 856 12 1
638 814 57 6
648 911 12 7
561 760 26 17
42 360 16 12
166 287 14 1
18 582 30 9
518 676 8 2
342 924 25 7
38 180 23 17
161 239 2 0
153 981 17 16
366 907 28 26
110 683 114 15
286 557 57 43
433 465 2 1
111 980 10 7
435 830 6 2
104 194 28 16
737 746 2 0
422 601 57 53
615 630 5 4
75 791 179 103
200 951 7 5
639 802 28 12
489 540 13 10
563 957 20 15
224 689 125 80
290 431 2 1
510 559 3 1
527 925 59 4
293 333 5 4
193 766 9 7
437 866 29 19
205 697 3 2
312 994 24 7
81 491 17 15
783 886 19 12
159 680 8 4
144 614 53 14
299 964 13 5
33 394 112 107
438 702 3 1
716 750 9 1
121 845 16 7
556 945 12 4
468 518 13 6
11 897 22 11
149 426 9 0
29 692 11 5
100 209 24 13
477 488 1 0
387 972 15 0
3 932 30 25
387 851 5 1
172 802 16 11
437 974 25 18
658 934 19 2
919 959 11 8
695 819 13 8
82 248 24 2
86 274 44 30
228 370 16 3
182 252 6 3
178 498 26 22
745 878 19 2
114 580 22 8
71 170 16 7
213 328 20 3
140 489 18 14
592 732 29 28
4 399 13 5
27 62 8 1
795 933 41 38
163 503 14 0
308 741 110 80
583 642 5 0
72 889 13 4
657 934 9 3
321 537 18 1
370 748 14 10
249 780 15 1
313 872 19 15
321 485 7 2
7 209 25 11
140 553 13 4
59 765 18 6
616 712 26 15
181 342 36 15
47 133 17 5
352 962 31 11
88 934 13 0
79 843 1 0
115 762 185 34
215 403 13 10
389 401 1 0
487 757 23 16
141 856 31 7
99 984 134 124
722 980 31 6
285 628 97 37
912 961 5 0
150 176 2 1
119 869 13 1
525 980 12 4
93 306 18 6
205 335 26 19
304 982 174 45
711 877 26 24
468 812 25 17
585 745 19 1
35 758 1 0
300 701 48 32
26 630 28 7
472 540 7 2
781 903 3 2
475 894 24 1
100 972 123 48
282 547 29 25
789 904 25 19
320 494 2 0
586 663 10 3
456 465 3 1
350 753 58 43
32 854 18 5
22 417 40 33
620 644 1 0
30 862 30 17
319 904 92 2
211 754 30 15
709 865 1 0
559 843 5 1
255 878 10 6
126 429 31 4
119 879 9 4
783 974 35 6
919 985 10 7
457 806 6 3
97 683 4 0
417 886 4 0
562 703 34 19
490 772 29 15
472 749 19 16
234 502 26 10
149 343 18 14
234 819 166 0
78 191 9 2
42 211 4 0
510 983 9 4
413 673 25 5
76 876 25 10
19 506 27 24
34 89 5 4
48 857 15 3
209 222 3 2
460 570 6 1
349 731 27 16
754 948 8 4
305 723 25 4
160 229 1 0
256 461 5 0
626 745 3 1
609 673 8 5
504 646 3 2
338 945 13 6
314 716 133 116
422 761 8 7
756 815 1 0
122 880 19 16
257 500 20 8
34 245 29 16
74 449 44 15
470 735 45 16
242 559 87 68
217 601 14 3
107 632 11 7
20 375 2 1
199 603 29 9
39 84 4 0
303 490 26 7
30 668 8 2
353 897 26 19
430 560 23 20
542 663 22 14
318 990 28 13
103 557 26 12
45 544 27 15
106 556 57 54
602 664 19 10
138 914 26 24
32 102 11 3
279 671 10 9
48 683 7 1
118 815 14 10
717 969 65 27
123 146 6 4
107 661 6 3
442 605 30 14
601 613 3 0
882 905 6 0
119 694 9 4
433 924 32 30
475 553 24 12
20 743 52 16
144 210 14 2
287 322 5 4
533 628 25 8
231 771 102 97
310 914 24 12
459 837 122 54
182 696 7 2
680 908 25 23
57 935 259 209
130 727 13 12
213 982 29 22
811 924 30 18
612 760 8 4
529 801 10 0
291 996 25 22
231 513 14 7
313 729 24 21
235 818 71 33
217 621 24 18
60 671 6 2
461 748 1 0
23 694 12 10
730 869 16 7
420 740 27 26
333 579 78 1
330 467 8 7
304 751 16 9
883 894 1 0
817 919 6 5
463 881 135 58
230 687 23 8
215 874 51 26
191 541 25 15
233 470 7 4
3 532 4 0
585 977 3 0
649 977 12 8
592 686 23 1
176 788 112 9
368 735 29 12
242 470 24 6
2 620 191 137
38 673 27 3
392 817 20 5
41 908 28 11
781 842 15 13
151 200 5 3
588 788 33 7
67 857 19 12
494 509 4 0
441 520 14 0
537 790 51 14
809 995 5 3
830 878 11 8
49 562 2 1
299 819 1 0
263 705 24 2
111 731 20 16
107 896 18 4
144 242 6 3
484 635 18 17
138 381 36 6
603 753 29 23
623 722 26 11
573 588 1 0
129 204 11 0
339 977 3 1
131 383 54 51
467 651 5 0
158 224 20 6
732 853 23 9
464 907 4 3
517 868 108 59
31 391 107 24
45 346 7 2
71 760 5 1
73 252 20 16
115 651 81 11
571 838 3 2
87 405 22 3
81 636 16 7
176 362 13 10
204 521 30 20
81 350 4 3
1 623 76 3
519 696 26 4
530 946 24 4
856 969 25 14
511 876 7 4
9 134 4 0
267 336 8 7
27 641 24 20
304 632 75 17
721 928 14 1
399 713 15 5
152 734 15 6
189 355 12 0
52 836 21 14
114 637 6 0
510 915 44 16
35 511 28 2
863 951 13 5
339 428 14 5
7 259 15 11
164 449 69 36
17 88 24 18
384 620 22 14
179 675 109 72
930 956 1 0
135 269 16 1
565 682 20 8
264 811 143 82
401 685 20 12
386 778 18 10
713 948 20 19
197 472 61 39
220 469 44 24
758 900 13 0
121 250 42 20
566 875 6 4
206 870 89 14
842 965 22 14
254 845 25 8
185 420 58 11
289 391 34 31
368 591 1 0
470 794 17 11
246 659 14 5
430 515 26 16
625 705 6 1
422 520 6 0
162 856 166 37
59 373 18 0
8 444 7 4
577 657 6 0
8 406 28 19
668 786 13 1
567 736 1 0
284 460 37 25
719 823 17 11
259 883 196 135
450 606 2 0
152 861 5 3
585 810 31 6
45 76 10 7
65 928 211 61
31 78 14 4
25 815 12 7
379 517 6 5
909 980 24 11
194 271 7 3
512 923 25 5
266 740 4 1
506 981 25 16
698 824 28 25
196 449 39 21
479 723 31 6
82 326 63 7
570 658 25 20
9 428 19 18
298 811 28 17
405 917 10 4
816 979 20 13
144 248 3 2
328 967 31 8
82 835 219 156
141 692 12 1
83 646 14 6
562 880 65 11
517 599 19 15
742 805 21 1
160 642 25 3
82 225 12 6
56 758 15 3
390 437 13 5
634 988 66 49
955 979 2 1
590 722 9 7
6 956 3 1
544 819 3 0
16 446 30 25
241 894 10 8
376 695 85 80
704 789 18 14
608 963 8 2
545 955 17 10
391 713 3 1
769 929 10 8
12 934 16 11
115 928 270 65
362 580 1 0
303 656 26 7
727 990 17 9
661 888 12 7
236 657 12 11
317 574 14 12
322 750 5 1
663 700 11 10
115 349 3 0
591 741 9 2
815 861 12 8
619 867 12 6
588 763 3 2
212 504 29 11
444 829 29 13
974 997 4 3
665 728 19 0
481 749 31 14
31 101 14 4
317 598 83 36
211 427 71 42
480 490 2 0
227 345 12 5
57 121 4 1
330 820 77 51
356 881 5 2
338 987 24 14
261 786 26 12
403 533 2 1
117 803 6 3
37 448 5 3
647 698 12 7
538 597 1 0
312 599 76 10
17 205 11 1
512 579 18 17
266 389 25 7
862 922 16 14
529 694 3 1
3 90 1 0
27 313 63 51
476 988 15 3
102 253 34 22
54 420 106 97
574 696 41 4
130 689 4 1
632 827 2 0
148 963 18 9
62 980 9 8
650 659 1 0
388 710 9 0
245 350 28 6
190 442 20 13
146 181 3 2
227 705 6 2
244 456 71 58
83 603 21 20
41 948 9 2
201 736 28 16
435 946 70 64
106 618 3 0
371 582 3 2
381 441 12 11
209 793 4 2
121 844 4 2
521 871 18 8
56 434 21 7
69 362 25 24
363 719 26 6
366 609 24 23
458 624 48 27
403 488 12 9
3 631 184 120
668 723 5 3
289 613 43 39
58 291 29 18
508 872 65 37
319 854 108 21
141 518 21 6
323 375 8 2
31 945 4 0
103 442 1 0
463 713 21 3
651 879 15 6
412 965 15 4
231 748 31 26
146 171 6 1
193 990 8 5
522 921 5 2
