1000 2000 1000
1 442 93449
2 299 85000
3 468 36699
4 690 27365
5 232 4040
6 708 63428
7 186 88200
8 945 25180
9 179 70752
10 465 97996
11 381 73478
12 339 16053
13 384 30486
14 499 32531
15 704 21208
16 226 75867
17 693 74572
18 338 76217
19 723 19190
20 691 92144
21 142 89708
22 643 70639
23 425 52974
24 530 77342
25 713 24009
26 414 45575
27 816 86588
28 897 87679
29 298 86957
30 378 99005
31 725 3453
32 22 4546
33 357 59021
34 826 73367
35 937 70588
36 562 89340
37 304 91350
38 551 27656
39 769 32958
40 750 74741
41 911 87609
42 5 4724
43 612 829
44 361 10686
45 962 4591
46 286 71407
47 766 21129
48 978 17076
49 948 87880
50 344 47046
51 461 82850
52 208 2793
53 202 28899
54 248 3010
55 493 27958
56 42 895
57 879 85173
58 351 15730
59 659 29815
60 598 55255
61 569 48281
62 101 55631
63 621 28379
64 422 87781
65 625 55956
66 915 92623
67 925 40455
68 567 47069
69 641 47951
70 864 74306
71 964 37483
72 249 77517
73 676 96713
74 853 31172
75 506 29201
76 960 12600
77 327 2877
78 512 89131
79 395 53465
80 418 38971
81 202 26853
82 957 71688
83 999 9458
84 448 26271
85 256 75664
86 888 50390
87 943 88553
88 146 52373
89 990 15183
90 342 7949
91 631 47946
92 927 44487
93 579 11498
94 197 54970
95 973 71480
96 559 44513
97 854 55124
98 547 48448
99 20 4922
100 303 18864
101 515 49006
102 109 70096
103 569 94279
104 242 91831
105 969 41576
106 962 59553
107 481 86928
108 255 77965
109 578 37674
110 334 72286
111 734 61272
112 244 5641
113 471 89225
114 879 14398
115 376 76721
116 798 50665
117 811 20054
118 263 7605
119 681 40452
120 106 67307
121 170 53077
122 679 41463
123 317 76241
124 304 23617
125 665 20847
126 328 55211
127 288 1546
128 600 62024
129 605 20261
130 772 19969
131 381 34347
132 886 76172
133 331 87699
134 439 67385
135 67 38976
136 278 8721
137 278 66795
138 416 26537
139 475 99780
140 593 14416
141 566 69594
142 91 31446
143 480 2983
144 546 15838
145 824 88094
146 964 66561
147 965 81374
148 884 49323
149 205 90935
150 945 94005
151 280 46068
152 700 72864
153 491 56524
154 378 98767
155 145 2494
156 582 84851
157 609 56216
158 377 60379
159 146 29680
160 116 31818
161 62 71315
162 500 28485
163 126 43168
164 754 23460
165 21 17333
166 339 4215
167 645 95147
168 300 64140
169 276 75364
170 711 55603
171 934 30356
172 958 52729
173 467 86029
174 232 34621
175 535 91418
176 607 80150
177 828 83406
178 680 76251
179 129 39843
180 37 64499
181 765 84505
182 730 28411
183 671 46173
184 499 51500
185 206 57765
186 452 32500
187 437 16800
188 324 1919
189 733 10543
190 93 58999
191 94 20423
192 679 5916
193 680 64481
194 475 62423
195 779 55238
196 879 54479
197 786 44204
198 538 56246
199 700 92064
200 814 1549
201 585 48109
202 576 79365
203 905 61433
204 78 25085
205 741 12015
206 849 11251
207 957 86651
208 801 19543
209 931 51716
210 37 18256
211 962 75642
212 947 68574
213 975 5881
214 180 48763
215 403 83470
216 777 88530
217 489 90976
218 760 92625
219 258 54229
220 983 63679
221 133 21592
222 164 50021
223 986 80366
224 844 20085
225 887 74675
226 304 63031
227 325 85695
228 106 19312
229 14 46496
230 356 45545
231 301 47727
232 787 93164
233 481 44348
234 696 99211
235 297 67277
236 156 84415
237 572 68207
238 990 59692
239 514 36453
240 109 90489
241 464 51355
242 934 67328
243 84 16433
244 487 10639
245 659 56101
246 685 29595
247 504 64430
248 356 25081
249 43 28814
250 230 14872
251 552 94302
252 228 95271
253 943 6044
254 846 1498
255 337 68021
256 754 87993
257 213 72807
258 708 35099
259 183 49468
260 68 1824
261 570 70885
262 866 3416
263 323 59210
264 818 92404
265 217 53285
266 460 26692
267 690 50670
268 463 1728
269 149 2039
270 891 92769
271 600 2086
272 443 56903
273 213 90356
274 413 27225
275 702 85557
276 812 26053
277 122 31160
278 523 11096
279 166 26943
280 80 57284
281 120 61748
282 357 76083
283 118 8480
284 834 97292
285 57 72694
286 936 80913
287 233 16668
288 576 67616
289 568 18279
290 886 78008
291 115 32211
292 789 77565
293 623 66655
294 158 49355
295 784 53257
296 892 12605
297 385 5565
298 507 62623
299 733 81259
300 716 41209
301 218 77839
302 395 52060
303 271 37459
304 266 96123
305 20 40915
306 835 75378
307 815 59741
308 64 2694
309 7 43061
310 196 51968
311 768 19686
312 889 99560
313 459 68017
314 476 67662
315 525 91515
316 213 94593
317 24 26430
318 157 5087
319 926 80197
320 671 21614
321 413 60654
322 640 15570
323 884 37873
324 805 6302
325 490 30463
326 367 9100
327 396 10973
328 937 10828
329 217 7280
330 215 16703
331 245 42283
332 752 57466
333 431 32652
334 964 59588
335 361 53150
336 327 95681
337 734 60969
338 118 40744
339 333 24674
340 53 3000
341 215 40458
342 998 84545
343 763 73914
344 975 87511
345 854 87804
346 80 6879
347 21 49264
348 144 24534
349 218 1185
350 317 60833
351 130 99462
352 67 68078
353 809 51715
354 474 27153
355 766 83018
356 37 33159
357 262 65679
358 723 62751
359 803 33324
360 555 80511
361 476 71055
362 422 80956
363 844 66909
364 549 41718
365 678 25601
366 451 98860
367 968 91068
368 928 69470
369 536 42345
370 345 36639
371 951 71722
372 818 21451
373 679 8444
374 943 83290
375 693 305
376 686 19211
377 773 18606
378 579 25033
379 311 70474
380 963 51163
381 862 617
382 872 84573
383 753 35909
384 134 9618
385 759 73224
386 370 57930
387 407 64607
388 780 4263
389 20 83016
390 155 47402
391 17 41304
392 216 93316
393 26 4844
394 195 19241
395 834 47776
396 186 72547
397 384 91404
398 42 97387
399 246 25569
400 491 56823
401 66 49370
402 186 38201
403 134 96649
404 148 43234
405 172 93109
406 628 24034
407 654 72210
408 882 65236
409 933 77675
410 48 188
411 152 93157
412 968 88714
413 5 24204
414 872 49593
415 62 90196
416 635 71074
417 658 71283
418 888 96055
419 507 22935
420 73 43231
421 183 82588
422 837 29404
423 657 40470
424 51 61810
425 387 29428
426 60 33172
427 853 80655
428 800 7215
429 516 75364
430 143 50783
431 181 70939
432 557 92475
433 937 46264
434 519 23609
435 501 98681
436 670 23492
437 740 48116
438 258 35384
439 24 39030
440 987 83287
441 111 10967
442 637 9978
443 450 32181
444 576 62681
445 850 45535
446 444 95650
447 526 97572
448 539 50483
449 335 51986
450 415 44933
451 155 13121
452 363 22514
453 572 21033
454 123 45974
455 863 29409
456 497 31352
457 213 3405
458 753 95709
459 71 84213
460 952 96961
461 341 10232
462 928 63139
463 442 56862
464 951 71902
465 136 98641
466 56 61155
467 298 14125
468 731 14054
469 266 35810
470 918 14966
471 76 43874
472 442 58248
473 637 44442
474 669 44856
475 81 52358
476 841 59892
477 354 43592
478 427 79970
479 237 12637
480 571 70441
481 847 18748
482 262 57528
483 637 5855
484 186 50988
485 266 36860
486 503 64307
487 839 44276
488 178 94322
489 473 9757
490 46 48040
491 788 90028
492 476 99917
493 182 30503
494 890 93126
495 179 23765
496 155 52780
497 819 18588
498 602 93028
499 593 20505
500 729 74485
501 327 88187
502 912 57529
503 911 8217
504 144 66999
505 753 56279
506 181 82021
507 345 39823
508 172 57564
509 909 8756
510 86 44558
511 205 46466
512 255 93143
513 735 87338
514 16 27054
515 569 45947
516 672 78747
517 476 99150
518 708 2840
519 715 54214
520 882 41684
521 88 98018
522 343 15297
523 314 38208
524 292 42545
525 463 39612
526 503 67006
527 79 95499
528 307 24252
529 912 76713
530 639 31275
531 145 22475
532 123 69131
533 107 40978
534 714 95172
535 717 17834
536 760 40699
537 493 38948
538 15 44499
539 109 38853
540 639 72128
541 791 92222
542 981 62285
543 379 32834
544 336 19262
545 35 62705
546 511 86108
547 650 88456
548 478 4317
549 677 57368
550 56 6609
551 800 42597
552 907 38381
553 856 22684
554 843 7604
555 990 17204
556 869 26364
557 572 72529
558 650 54902
559 409 39171
560 457 57003
561 240 75438
562 270 29865
563 761 31510
564 354 40189
565 517 78337
566 770 42192
567 597 33008
568 741 92128
569 550 47945
570 520 87602
571 459 14020
572 572 49426
573 141 35498
574 996 46756
575 542 92430
576 221 82931
577 549 12787
578 905 45562
579 343 1320
580 858 1992
581 205 35366
582 392 61526
583 752 62909
584 692 59659
585 148 19280
586 706 44696
587 662 22117
588 946 72310
589 904 21064
590 115 68075
591 189 33184
592 509 48859
593 551 59412
594 302 39544
595 464 20219
596 266 37200
597 544 56966
598 613 91807
599 604 4746
600 643 84675
601 606 31387
602 245 53921
603 580 12737
604 786 50103
605 104 51425
606 258 16320
607 530 97884
608 280 49270
609 984 15839
610 431 54177
611 673 8163
612 93 81483
613 780 83249
614 198 16260
615 733 71095
616 441 10626
617 649 17197
618 37 57914
619 408 48826
620 608 94744
621 538 89439
622 182 35576
623 960 75511
624 726 65182
625 233 25514
626 800 6397
627 292 39402
628 275 4104
629 80 78468
630 557 74917
631 780 92198
632 873 7267
633 747 41252
634 252 49089
635 90 20694
636 629 87214
637 207 10404
638 843 18573
639 870 35650
640 65 64580
641 615 54816
642 487 72823
643 632 46153
644 728 59498
645 284 22419
646 840 61114
647 565 52032
648 646 2582
649 388 94056
650 768 38209
651 309 88752
652 727 41048
653 547 9637
654 705 46736
655 131 11937
656 982 44192
657 295 12967
658 472 68858
659 308 41418
660 573 47239
661 39 16752
662 749 296
663 510 64037
664 155 37198
665 11 40591
666 38 39316
667 888 55575
668 482 69555
669 373 72934
670 200 57520
671 649 94458
672 358 78155
673 889 8074
674 780 81815
675 304 69039
676 138 24079
677 509 83255
678 331 64337
679 116 27959
680 693 10950
681 755 87603
682 662 28811
683 932 6498
684 716 17404
685 48 56001
686 711 46894
687 238 25630
688 28 90382
689 133 23647
690 46 51762
691 289 76707
692 737 81939
693 358 20755
694 871 30271
695 707 76749
696 309 73075
697 8 36850
698 313 38795
699 917 3691
700 429 46972
701 502 37256
702 941 51519
703 237 92683
704 440 27844
705 600 59866
706 516 6166
707 358 46815
708 61 37139
709 329 17381
710 70 95650
711 283 86863
712 640 42304
713 924 31365
714 407 45087
715 947 52953
716 123 75800
717 296 35590
718 188 63777
719 74 32771
720 964 1031
721 530 56887
722 18 52102
723 492 22893
724 589 99235
725 560 96011
726 111 27937
727 469 53048
728 63 22723
729 806 53174
730 583 1127
731 962 43268
732 346 83955
733 655 62136
734 841 82421
735 194 25631
736 601 71142
737 1000 48133
738 127 89980
739 259 63204
740 580 54650
741 256 12498
742 836 62654
743 541 48452
744 946 51076
745 108 88074
746 38 44326
747 164 58623
748 816 7101
749 889 85338
750 557 37654
751 717 82760
752 932 84215
753 541 355
754 809 98889
755 374 4819
756 388 86625
757 411 95889
758 397 35822
759 449 77775
760 897 44256
761 309 29735
762 775 64273
763 886 60451
764 93 19165
765 243 93336
766 793 3275
767 629 20716
768 297 25568
769 360 20396
770 779 69207
771 75 4071
772 358 34434
773 739 43555
774 299 54436
775 484 81888
776 895 63811
777 63 23996
778 190 82841
779 463 27496
780 612 6840
781 102 15831
782 435 45387
783 593 90931
784 701 87295
785 479 61158
786 690 18924
787 706 6728
788 638 50363
789 499 87855
790 511 50584
791 687 87325
792 176 10465
793 81 39794
794 608 76541
795 68 86067
796 957 25902
797 228 2313
798 363 85128
799 526 96142
800 368 39618
801 71 26598
802 617 21514
803 604 99235
804 540 71763
805 302 53796
806 33 77371
807 742 38223
808 864 37965
809 506 7902
810 55 62540
811 96 44646
812 866 50570
813 985 43451
814 450 35987
815 982 69688
816 299 76397
817 551 36045
818 212 45507
819 446 75357
820 331 69317
821 176 43881
822 108 85450
823 752 54032
824 597 20619
825 991 67155
826 700 82856
827 257 78535
828 959 50953
829 738 12624
830 882 44616
831 670 76642
832 909 23474
833 621 94288
834 67 56752
835 77 62892
836 8 58183
837 895 8336
838 168 12713
839 496 2710
840 556 65107
841 768 7517
842 835 59504
843 500 65272
844 873 25444
845 792 68357
846 964 32249
847 587 59388
848 918 2987
849 37 57023
850 282 78304
851 313 22945
852 225 29827
853 459 6050
854 227 23759
855 702 55600
856 121 18444
857 368 59231
858 853 6188
859 882 31425
860 35 35857
861 830 17972
862 845 61731
863 703 2400
864 80 45793
865 665 32201
866 592 83315
867 130 67295
868 534 36121
869 946 4154
870 69 23157
871 770 9472
872 974 65639
873 46 44127
874 289 8064
875 623 19880
876 143 43815
877 418 3977
878 884 85739
879 270 58684
880 163 14525
881 729 84960
882 843 77349
883 314 47887
884 906 36268
885 617 4285
886 467 48363
887 132 45039
888 313 95193
889 320 69000
890 255 57002
891 967 87299
892 971 6353
893 120 14984
894 914 26601
895 696 26478
896 298 25570
897 410 42634
898 726 33941
899 511 11797
900 921 57541
901 406 75235
902 980 87842
903 283 65616
904 421 79337
905 853 1642
906 821 76783
907 688 30513
908 437 55763
909 84 58668
910 610 96567
911 621 99447
912 42 56391
913 254 57945
914 453 38128
915 716 37717
916 867 12524
917 345 34126
918 299 50237
919 581 55133
920 278 13531
921 641 5189
922 261 56347
923 681 46421
924 581 40089
925 718 78118
926 155 67174
927 249 12274
928 409 42306
929 867 96153
930 907 96177
931 915 72603
932 836 44588
933 996 22272
934 325 71216
935 514 73315
936 187 88131
937 383 46636
938 791 66230
939 109 14702
940 51 7473
941 994 84898
942 623 77020
943 663 125
944 78 20721
945 502 83491
946 185 63311
947 974 8408
948 126 91629
949 250 79099
950 106 87843
951 669 50377
952 894 78498
953 778 62987
954 972 62637
955 140 99815
956 460 71732
957 718 10007
958 382 53774
959 389 46178
960 439 77943
961 534 8117
962 142 35252
963 656 43883
964 33 49515
965 855 97334
966 803 78006
967 278 90239
968 201 86499
969 298 30267
970 114 11603
971 562 27224
972 122 84580
973 462 13217
974 959 51830
975 436 4070
976 704 86914
977 11 95618
978 744 26991
979 993 73979
980 435 31424
981 172 18100
982 196 93349
983 466 23347
984 345 39375
985 256 80201
986 985 10737
987 418 96481
988 376 11421
989 751 70165
990 359 57475
991 432 66612
992 794 32749
993 978 56579
994 299 71976
995 775 62103
996 484 88215
997 259 2954
998 612 49239
999 607 99342
1000 405 80923
565 421 53426
551 411 29888
78 990 6015
856 720 88107
705 628 97916
437 995 79163
362 434 68985
857 873 83393
884 725 40786
919 458 24629
247 607 38270
200 343 30455
478 14 75045
378 541 88431
424 520 93109
481 473 55242
372 947 71679
964 318 56773
640 332 59238
745 82 27066
873 878 46886
561 681 77817
926 795 73045
847 40 65004
264 259 70027
101 690 13146
582 80 35674
798 317 74616
248 497 79224
775 575 38162
895 374 34441
121 528 66574
971 763 30569
203 458 71499
578 708 93052
253 83 77902
310 814 13008
731 275 86066
93 152 17653
600 645 72709
367 785 18866
224 954 96431
248 40 34938
275 744 70477
14 901 14333
260 876 10508
211 970 15438
156 307 82098
299 145 59101
588 527 12263
655 108 79591
821 108 51918
334 667 31035
273 603 15134
86 694 40418
528 245 66237
322 455 39322
399 687 54914
902 154 47308
645 767 10618
211 116 26014
70 766 2919
64 151 94370
591 892 64119
798 760 50235
61 526 99575
22 833 38096
75 61 77632
836 836 80332
974 128 60303
133 709 13520
91 887 18901
168 211 96176
570 481 84214
825 694 29169
92 729 20926
139 391 39171
953 542 83138
31 708 44560
829 921 47993
879 912 22722
292 287 16210
418 735 34860
319 60 54537
402 326 5214
989 764 8727
292 868 84282
450 44 8135
458 971 53025
879 495 19398
426 349 28276
605 710 9352
944 419 34383
372 136 71480
565 686 12771
540 457 72492
718 522 37450
92 852 4499
262 794 50427
777 607 47889
132 802 5689
66 115 34612
309 382 49728
266 676 88068
510 156 46046
735 772 16572
779 12 85808
584 793 30071
512 549 60363
426 769 77516
346 803 19221
121 492 71466
95 723 29946
868 984 89815
792 567 31439
258 279 13321
936 334 40274
54 458 77888
70 378 17451
462 398 74896
861 287 66341
875 172 87349
111 788 44306
495 911 55382
504 969 42411
610 266 72386
11 585 81717
865 213 53844
575 382 65303
502 239 61361
76 623 94968
372 686 92374
388 331 22389
518 555 31113
980 608 7974
652 480 92365
640 754 43060
646 833 79891
666 49 43749
78 419 9246
144 386 31238
380 201 43218
368 442 9944
370 68 95943
727 674 37216
348 210 1445
177 961 78932
452 21 99312
855 495 58587
984 993 97221
807 699 83100
451 306 41879
525 910 3094
193 5 44643
465 151 43613
710 720 60773
163 173 33135
558 659 64041
403 282 3684
734 424 20790
342 124 57395
383 31 72709
355 823 82923
77 711 56414
688 889 23829
897 423 29677
574 409 21917
820 414 66923
272 724 44260
437 215 89328
706 31 13420
57 34 13076
556 158 39980
351 399 56079
120 739 56117
391 267 76773
27 450 14120
680 799 18842
856 975 181
820 552 3750
714 12 99841
357 655 7584
131 816 92645
513 465 8541
110 830 49314
633 581 64993
422 362 82961
391 56 34922
526 199 87938
113 189 8472
953 821 88514
693 931 20161
129 597 73736
301 225 20811
1000 301 5970
429 714 95753
840 958 67181
901 798 32438
104 896 60501
349 183 93874
888 232 1606
983 270 60985
516 992 57366
377 631 68753
630 630 64208
179 86 74466
243 768 51276
333 675 33614
871 111 9976
912 388 64331
116 626 89751
596 763 86468
21 461 79634
667 98 85404
186 423 62160
500 190 43770
817 848 81396
250 743 71633
540 30 66681
661 621 29765
338 93 91789
689 249 96795
707 453 72105
944 835 25086
297 650 99109
187 248 57878
900 408 68312
369 970 38185
960 667 62904
300 891 14045
690 339 38940
198 534 78237
790 416 61801
703 462 41961
569 332 14370
352 366 35378
25 27 53539
362 506 46684
970 313 57558
614 470 93559
107 75 67485
330 749 95045
202 23 90868
887 205 83757
79 315 6339
500 244 27573
416 496 9197
150 735 250
819 54 67256
467 336 68203
44 346 33522
468 818 24712
692 645 56806
185 488 69930
380 946 68128
20 424 40290
412 421 19527
81 548 73950
585 718 56576
852 314 60402
587 312 5888
325 152 31115
297 510 5948
352 147 32995
587 116 60720
636 33 12494
215 232 74037
988 491 34033
556 594 58813
90 682 24874
839 515 20839
699 674 24820
432 931 47912
362 375 60839
405 928 79242
58 568 12209
105 5 4279
790 598 5233
455 443 877
187 860 60250
593 225 24536
859 834 69607
717 874 99409
948 307 57691
728 533 43731
928 556 91417
342 39 33314
662 845 32416
72 957 61153
639 398 18360
469 245 9659
685 534 62253
677 687 83149
868 613 44783
744 396 84380
440 718 94635
436 231 24589
681 659 62955
477 180 70837
656 303 6617
287 443 80760
123 713 84943
303 434 37655
371 416 68711
472 776 76419
790 733 1286
390 169 78881
992 529 31201
922 730 90183
51 615 74476
382 599 80960
785 693 18319
25 247 38582
627 769 88999
698 163 97612
608 305 4864
986 479 96980
346 205 6251
830 503 38131
454 112 35131
681 337 21818
508 896 13028
53 371 36327
8 509 79182
797 777 90703
566 529 60524
884 426 62715
708 562 39510
378 934 42870
765 204 56271
386 378 93480
474 882 80363
838 26 48353
249 360 70813
837 229 8591
216 949 19677
8 776 75897
808 278 41351
113 784 91177
244 432 17022
652 798 18332
424 5 78698
97 659 35908
275 566 46627
417 791 1361
84 496 84935
778 213 24622
906 629 37300
732 725 98161
356 234 47703
417 981 45069
999 579 29404
400 986 83047
608 233 58454
65 834 59351
834 97 63048
133 687 10750
259 167 21831
453 889 73257
639 353 52780
275 535 75023
720 341 43982
390 451 92708
245 416 27842
673 594 77690
491 106 41370
847 973 96050
443 606 50135
858 714 63763
37 971 29613
78 777 18548
138 85 87032
300 800 45264
555 638 75276
715 401 41010
31 930 30905
305 668 65937
334 53 29010
122 108 95525
797 620 76372
547 306 38479
337 341 77219
372 21 53037
167 541 14702
913 50 12744
8 423 35800
773 696 76569
348 606 59049
988 413 11303
24 215 58452
113 806 9322
110 921 29857
864 726 37362
805 329 74870
30 817 87582
373 106 28310
961 114 73590
660 721 27320
565 424 63873
377 937 11269
691 996 8521
376 516 6693
479 533 88691
393 801 81886
94 193 65891
408 636 78553
707 792 61886
761 339 71320
397 817 61406
111 15 16973
599 145 99403
630 137 58099
373 401 94926
3 428 80067
443 755 46934
675 470 95895
247 869 67297
634 658 28833
455 722 79332
889 73 74399
909 104 60432
115 291 47021
614 868 14926
540 722 77590
934 875 98424
753 707 48463
545 236 58446
237 628 93915
112 298 46879
646 72 25391
150 744 4479
968 287 17965
22 59 38681
147 699 47954
315 3 19744
169 374 84912
890 603 56140
508 937 74274
43 323 50484
400 178 83203
565 495 85233
825 969 79814
165 758 24422
828 556 68598
838 902 31148
582 718 20996
816 640 46364
412 32 24545
536 470 72787
374 764 96780
284 888 799
572 512 49304
89 440 124
500 406 39650
533 810 64504
296 380 41162
79 140 13368
804 880 64811
203 154 11741
820 692 91360
812 553 33139
604 318 84219
134 112 21973
620 818 70489
966 10 39117
859 131 53319
776 441 23854
531 544 65175
733 767 143
346 503 38149
535 839 91922
30 813 39111
73 14 67274
92 187 90068
410 964 71758
844 661 65056
915 632 82974
624 153 36484
294 978 15322
555 214 16351
925 888 70594
279 110 50112
824 21 37453
139 18 52719
952 791 76509
514 670 11006
935 163 79581
778 624 59480
724 367 94155
376 266 30266
933 920 87669
564 709 45298
370 117 36365
827 248 13921
759 388 50338
51 764 29421
123 761 51879
406 676 66691
257 256 12966
294 173 26544
536 911 32311
928 205 98242
150 931 1235
788 937 41442
774 51 90476
205 934 85530
837 90 86416
698 125 94389
229 544 44441
368 807 77725
869 601 78523
212 214 51670
710 809 49641
592 342 29064
531 17 97292
758 597 93554
138 923 7895
318 918 61012
171 86 37280
520 73 78807
150 410 13499
711 248 95665
127 307 48266
110 283 62617
947 976 85026
538 81 29671
46 556 72554
964 313 2887
764 39 96063
247 34 39522
343 495 81809
697 256 74510
32 488 75914
988 667 68438
215 829 92618
738 358 65035
580 647 89867
761 253 83274
743 438 3603
533 378 22208
192 880 89949
292 740 45437
230 266 46135
443 883 9201
417 922 26541
829 608 95288
409 454 29548
423 436 72410
235 600 61930
887 988 91675
990 867 47964
229 920 2732
810 367 66016
152 706 75494
932 553 2168
299 172 26740
693 808 97607
810 622 97602
297 49 87347
107 475 46535
461 215 2186
175 589 76104
752 942 82566
848 578 18408
625 808 21014
605 525 24567
3 377 34216
654 572 96415
102 92 24082
52 66 13531
967 353 98498
17 321 72720
587 701 37445
224 189 47830
378 920 22432
502 623 62733
707 667 86514
552 551 78945
658 537 20396
376 509 70416
392 260 34324
45 741 86358
506 338 96221
796 195 84428
344 612 53075
388 795 59806
357 130 81095
513 396 16308
464 410 12771
416 719 6712
367 634 86505
844 86 65261
855 868 3568
105 357 96387
236 5 50036
373 171 8187
38 733 30084
13 247 46739
937 152 69023
282 436 48973
604 220 84031
254 648 91601
720 655 13038
398 955 78842
321 477 94628
125 741 39006
868 662 10023
144 80 54423
284 200 13494
431 943 79076
946 709 15499
432 261 17949
644 285 417
19 28 64545
245 324 86026
605 746 70230
576 14 82666
761 577 96929
452 860 76658
10 941 99223
369 644 90968
873 721 77078
293 751 64726
455 170 17102
557 347 29314
824 83 54350
932 774 94689
397 599 79334
326 442 46256
467 74 59426
548 284 90575
708 19 5129
315 134 17074
423 477 69847
887 626 20976
229 336 54068
956 766 59522
799 576 55978
917 316 2138
933 866 79143
653 496 64631
608 192 3929
198 587 29165
948 419 71609
513 991 41021
502 931 73100
744 975 66851
243 20 75042
393 730 49305
212 199 85379
943 649 69296
62 471 20540
327 772 13456
730 660 39526
745 367 96852
12 121 11776
523 38 20503
557 443 78128
909 54 30638
372 654 72365
863 807 62300
128 28 63250
365 482 31173
957 366 39848
554 52 38454
729 297 9951
862 675 67876
731 523 16285
731 574 88263
504 617 83012
212 40 63125
665 280 71760
892 604 45017
894 823 6909
951 542 40561
465 318 8359
492 992 15232
470 351 54418
47 81 45259
856 752 21002
425 638 17357
313 383 15193
891 891 11477
355 143 7159
93 411 83455
375 221 24739
961 164 26478
553 987 95158
598 872 72182
154 362 16335
733 927 24457
25 832 17271
506 322 35982
181 278 80085
741 692 41657
108 286 27826
902 307 73415
221 830 52210
79 492 43106
64 988 57538
511 852 21446
729 742 23786
453 511 56346
636 48 10566
320 14 26669
477 122 82520
930 709 21424
787 304 60730
591 654 33853
741 619 49915
737 525 66721
796 139 67978
429 654 48079
84 29 7425
692 645 28764
755 577 96369
402 925 51884
227 35 93369
49 756 76443
826 441 97464
525 901 36593
613 18 82585
972 769 16049
716 97 64070
800 558 94620
130 423 70168
638 460 6668
123 461 20886
424 301 40182
881 474 87428
818 723 83391
176 969 59407
322 862 43838
517 468 3203
494 322 43310
412 243 36503
373 895 17334
390 584 12757
416 911 95989
965 739 4117
149 22 88114
474 993 21557
942 188 90659
3 809 59547
883 206 53025
429 100 67477
938 745 19267
896 486 48587
98 121 39113
274 623 37759
885 947 14303
551 718 84855
826 451 94907
454 842 31802
503 925 1868
348 829 20180
361 761 78048
849 598 38642
510 862 51724
546 855 72179
479 36 98505
904 287 92356
852 656 81126
108 94 95446
123 707 91621
355 167 42810
920 364 26804
919 888 19324
493 277 94007
37 177 50814
355 511 98130
876 884 51352
300 772 98633
546 93 39238
335 951 1723
806 281 91107
705 746 70790
437 765 89842
79 32 17156
159 942 49723
952 584 58412
595 906 64929
805 65 79620
619 984 71774
509 93 45145
869 723 19128
420 414 93668
786 261 22238
588 223 95806
108 721 56606
557 844 54964
185 874 99546
768 192 42370
217 941 15575
512 579 66232
831 167 36262
216 425 98460
230 7 56444
677 870 26276
82 553 77830
141 80 12045
162 325 729
720 618 59374
180 973 21175
110 34 86994
74 380 86539
88 364 81513
733 91 16240
292 693 25809
504 130 67059
608 700 57894
230 507 66299
774 729 64568
133 523 72635
585 888 96891
350 675 93369
717 394 35526
242 565 26244
436 380 89822
620 767 65369
418 260 31718
753 59 18097
92 343 89185
251 948 7136
568 889 25442
870 73 18535
347 997 17902
1000 989 48808
603 171 64503
784 586 96727
683 915 97341
791 799 94671
561 819 30304
656 739 40316
247 53 49091
769 174 26962
144 455 88668
633 691 6892
208 44 4382
703 926 92442
51 217 94899
326 59 92008
927 591 74024
928 304 42006
332 425 61845
398 548 13014
499 992 59748
724 241 15978
785 951 21734
570 358 97303
217 470 68325
916 105 70661
313 871 25391
844 358 24540
282 106 40101
997 27 61417
532 783 46132
507 951 4115
520 567 13151
547 960 97439
823 732 20538
116 898 72492
478 178 57952
366 373 2799
998 497 48402
986 577 98029
16 677 91983
722 38 68288
504 430 35580
383 869 24635
430 15 41912
94 203 96719
12 301 23883
871 875 20371
756 844 29373
304 816 57860
413 226 8458
10 735 15165
552 2 50505
263 281 4392
953 786 73099
187 41 70254
212 864 17448
404 777 24009
336 897 43116
907 312 26141
392 683 72735
532 517 59766
572 650 1959
636 214 26131
866 274 14527
940 256 46687
702 463 82513
542 9 37422
699 397 21807
270 879 44097
193 111 60885
849 429 40281
97 678 86446
305 373 7091
761 519 51253
48 533 71971
537 680 80436
715 432 36735
681 723 14753
476 335 45824
431 131 77548
697 970 77079
716 519 69975
201 45 69535
227 883 98880
643 537 6914
308 272 86659
811 712 86772
2 778 76862
391 200 26956
188 78 8626
456 160 37696
624 740 89767
603 820 15577
732 405 73898
616 340 88589
830 834 38177
621 865 50861
894 417 70442
663 91 35239
25 393 50026
269 288 54510
521 692 26116
101 286 32412
121 406 12166
399 923 98449
640 307 18155
42 827 26040
722 800 77812
368 49 22009
480 816 35131
34 139 40140
949 404 67722
917 827 67579
936 879 67805
869 70 20012
758 744 74962
459 117 63924
717 773 74877
243 327 35065
232 815 56629
425 652 10736
521 702 80088
152 460 32398
153 541 94282
917 976 42668
78 234 86556
258 171 94776
390 221 16410
720 662 48682
379 74 74919
509 755 96673
795 802 23159
543 987 11747
481 966 30098
223 630 15211
878 271 33453
611 845 98321
846 463 59604
73 352 33963
203 338 76264
11 214 27246
909 444 41398
305 431 649
656 601 33115
809 131 97108
320 786 83152
818 367 60158
329 534 58826
168 694 51867
396 163 13071
494 276 81265
646 557 19374
1 245 68098
863 607 43365
32 322 73269
162 672 18924
837 62 91282
234 618 48033
230 715 8382
962 911 18897
123 382 91785
259 488 23913
450 602 82154
402 206 83465
479 536 47773
649 622 5606
573 990 58281
274 351 41485
473 670 11896
688 307 8294
525 626 44366
45 454 93890
682 869 86453
175 479 49 48
283 583 17 2
501 781 30 8
163 318 3 1
146 697 143 54
183 800 1 0
267 500 31 23
511 995 17 7
169 972 154 56
67 190 22 18
41 568 21 4
353 992 4 3
555 839 10 4
454 784 6 0
76 280 25 17
184 353 25 16
120 346 24 20
145 960 18 9
373 679 2 1
175 512 13 2
309 377 6 1
180 283 14 10
269 421 21 19
73 370 19 10
40 105 22 18
137 615 15 10
539 783 12 5
792 879 12 1
125 988 10 0
56 280 27 9
804 871 8 0
706 886 35 21
104 324 9 6
819 953 12 2
150 961 42 21
372 430 1 0
290 927 26 1
319 871 36 32
105 697 101 23
154 961 163 103
603 672 8 0
280 331 3 0
103 245 28 25
541 877 75 59
552 984 29 21
613 809 30 11
203 253 16 12
711 940 13 1
212 614 10 5
180 451 31 27
593 977 11 6
599 907 12 10
473 582 30 6
509 551 13 2
519 895 20 10
115 837 27 11
407 441 6 4
39 711 12 9
146 548 103 74
135 398 65 34
556 783 48 21
252 737 132 31
438 943 160 58
363 708 29 10
355 573 63 51
65 619 25 11
240 576 27 3
261 325 15 9
21 810 231 73
429 793 14 1
379 772 8 6
196 532 62 37
13 236 2 1
130 273 5 1
208 567 7 0
288 627 3 2
486 522 5 2
53 250 34 26
23 415 26 16
223 866 26 13
846 986 1 0
503 794 7 0
209 671 14 8
329 777 25 9
74 896 9 8
368 749 107 87
163 284 32 19
78 667 61 1
34 325 57 25
27 304 78 65
376 580 1 0
418 544 22 7
413 757 2 1
702 844 16 13
398 588 28 17
402 529 30 16
269 573 24 21
141 433 24 4
367 731 15 4
288 546 19 2
327 976 86 19
264 320 16 0
705 877 9 0
483 900 3 2
137 710 21 0
683 760 12 2
261 461 10 6
177 320 30 1
717 919 6 2
112 854 233 57
111 297 7 6
558 571 4 3
670 845 28 17
549 763 8 6
34 411 15 2
212 713 80 36
290 454 14 12
287 947 214 195
121 747 21 12
710 894 16 0
30 554 117 1
402 948 18 8
343 435 24 2
96 276 29 24
118 571 68 46
654 968 52 26
190 232 13 7
222 362 9 1
365 819 5 4
785 948 26 18
178 916 14 3
484 583 31 18
724 852 34 15
807 939 17 7
122 749 14 7
28 307 27 11
66 270 13 0
306 954 65 21
168 770 1 0
105 953 2 1
445 501 9 1
219 399 12 1
322 960 4 3
222 635 12 3
583 610 4 2
327 433 6 2
470 541 20 16
516 775 25 14
150 704 9 6
188 493 78 20
356 505 18 1
216 564 11 9
191 558 24 3
286 341 12 11
103 293 12 10
98 803 216 21
273 715 30 3
312 920 118 50
67 511 31 9
643 854 16 3
580 594 1 0
148 356 1 0
465 529 2 0
204 659 11 1
271 740 149 137
178 818 21 15
141 604 145 92
486 585 22 3
359 530 57 52
380 467 11 2
158 650 22 4
464 906 49 33
93 424 11 5
288 603 4 0
5 576 42 5
160 487 22 9
440 862 26 17
442 952 21 17
148 879 19 18
94 526 3 0
619 737 28 6
566 857 16 5
256 435 27 9
167 807 203 11
528 763 6 3
94 298 13 0
410 889 23 10
179 429 23 4
527 580 8 5
682 997 23 8
296 576 10 2
205 692 28 23
449 584 9 1
115 223 10 1
474 484 1 0
552 685 3 0
513 883 29 26
466 751 29 9
312 927 26 19
15 78 2 0
233 761 30 7
142 432 7 3
150 504 14 5
352 436 3 1
519 889 9 8
88 981 31 30
339 535 16 2
189 627 12 6
719 874 31 29
289 821 17 3
193 328 7 6
327 970 65 30
239 882 10 4
336 427 6 2
292 897 23 21
371 530 7 0
215 384 18 4
116 729 24 16
65 297 64 47
285 523 2 0
422 493 20 19
399 618 32 11
70 516 133 16
336 518 18 5
538 696 21 10
142 508 9 2
149 630 80 73
935 944 3 1
756 778 5 2
237 733 22 14
308 812 16 15
165 192 2 1
419 509 5 1
299 578 86 43
753 861 32 5
280 820 30 18
183 568 92 3
37 968 31 11
159 954 15 9
29 733 10 0
464 608 15 13
258 511 27 10
532 831 4 0
477 540 18 5
47 926 231 67
221 450 65 52
629 866 30 7
618 945 8 7
655 985 61 4
44 600 51 6
115 225 21 17
97 469 3 2
494 940 73 63
205 938 31 13
150 254 5 3
76 89 4 3
267 573 13 12
592 858 59 47
268 540 22 14
324 826 88 27
98 798 19 12
421 729 8 0
371 510 35 1
94 894 31 21
221 403 1 0
11 592 31 7
294 520 39 3
843 935 21 7
594 651 15 11
394 457 12 5
610 893 24 12
137 850 25 3
434 829 28 4
72 549 20 14
87 973 12 11
635 851 44 32
17 192 26 22
123 821 15 2
142 878 1 0
817 889 12 3
827 993 1 0
667 898 21 18
422 913 87 14
42 813 22 16
338 700 7 6
193 807 5 2
174 328 21 20
696 993 14 6
111 345 74 8
205 672 9 7
556 989 19 12
208 732 29 7
207 471 22 14
119 142 8 3
505 802 14 13
152 602 29 7
567 603 9 0
459 802 86 84
487 924 22 3
149 288 29 13
640 900 16 2
120 557 26 7
37 733 10 2
464 494 2 0
117 780 218 18
16 230 2 0
281 709 25 12
211 382 33 11
585 623 3 1
882 926 13 12
207 973 10 7
4 64 19 7
553 918 16 0
345 676 19 13
84 265 24 18
899 988 21 3
496 609 25 6
124 483 7 0
105 761 81 74
165 746 33 32
318 771 8 4
382 454 17 8
420 813 68 64
969 986 1 0
478 620 4 1
835 989 22 6
925 996 16 8
42 82 1 0
372 780 31 29
354 401 16 0
246 460 14 1
364 457 25 7
500 840 76 46
551 727 29 10
215 490 20 18
217 336 6 5
221 615 57 15
724 984 31 11
909 918 2 1
647 898 25 12
512 994 3 0
552 581 10 3
150 713 26 5
934 995 14 10
112 701 33 29
333 571 10 0
721 780 10 8
336 358 7 2
491 967 17 9
723 987 23 16
26 790 185 180
568 710 8 7
174 585 88 0
471 545 9 4
86 278 2 0
279 428 26 8
31 591 7 4
48 375 2 0
146 734 111 52
513 919 1 0
60 646 4 2
288 667 28 10
250 844 177 31
313 758 26 20
18 906 14 8
19 737 98 29
658 915 30 21
523 979 27 6
255 336 17 11
796 970 16 15
236 520 16 5
343 679 12 5
224 245 3 1
285 668 9 4
73 282 26 10
91 351 25 2
101 541 1 0
72 510 25 21
310 390 3 1
415 459 13 3
161 367 15 7
112 225 28 26
521 843 30 13
317 436 20 7
584 728 31 16
345 723 12 9
460 645 9 8
139 968 4 3
209 246 7 5
362 804 25 18
321 814 9 1
873 939 2 1
499 631 22 12
617 713 24 20
387 453 6 2
468 520 6 3
89 431 18 14
625 808 21 11
586 846 5 1
119 226 26 8
265 324 18 13
10 243 16 7
207 821 5 4
200 973 13 10
132 528 22 3
401 839 6 4
441 853 9 1
358 433 7 2
194 830 4 1
259 556 8 1
49 139 9 0
521 840 11 3
20 713 107 35
544 894 24 1
225 762 130 6
366 556 42 16
658 838 29 1
235 997 111 91
193 765 17 12
244 683 113 58
272 303 9 8
137 403 3 2
233 509 12 6
48 270 10 1
232 444 5 4
281 568 5 2
316 711 28 8
91 793 151 143
713 999 12 7
326 998 6 5
266 618 88 61
943 977 9 5
508 560 11 2
28 386 13 0
214 908 24 21
244 367 5 1
355 503 6 5
25 258 28 7
488 686 20 18
546 731 27 8
472 565 31 7
182 686 30 10
176 665 14 9
273 633 3 0
243 530 26 25
284 891 29 0
811 833 6 3
1 227 13 7
431 529 27 12
578 768 51 17
30 752 24 16
35 381 4 3
770 785 1 0
802 932 23 8
41 715 9 3
710 864 11 5
32 698 17 14
286 755 51 36
314 974 198 11
428 813 124 114
767 913 26 23
385 838 78 65
372 424 17 0
702 832 26 11
380 460 12 2
385 663 40 24
893 963 10 3
621 874 26 21
150 589 25 17
100 349 16 12
172 455 24 21
34 515 21 3
138 188 17 14
465 503 12 8
555 723 12 3
575 950 75 51
97 879 6 5
195 863 4 3
717 965 10 0
114 350 7 3
387 791 5 0
306 315 1 0
135 961 5 0
302 694 33 25
55 973 215 194
14 517 19 13
244 946 28 22
412 471 6 3
41 81 11 8
148 286 8 3
211 869 65 25
180 369 25 2
312 547 24 2
459 587 14 3
229 397 1 0
343 613 20 15
45 850 24 10
46 780 2 1
54 842 20 16
642 867 20 19
392 987 25 2
710 833 14 2
394 830 15 4
528 687 48 16
102 450 29 16
284 543 26 21
256 340 4 3
655 920 26 7
116 433 2 0
448 802 14 1
323 711 21 4
130 340 4 2
325 550 71 29
260 640 12 3
27 586 3 0
6 760 17 10
422 730 27 6
47 215 17 0
383 706 18 0
755 990 26 1
225 366 5 1
274 726 10 2
96 229 9 4
42 347 87 48
586 707 14 0
75 954 12 3
435 499 21 8
693 750 15 5
841 974 8 4
124 760 1 0
197 850 19 8
153 929 18 4
105 125 4 0
349 360 1 0
395 927 24 17
1 635 30 0
607 879 22 15
760 841 10 8
567 850 14 12
620 1000 125 87
183 321 19 15
163 320 35 6
176 877 23 5
551 664 29 23
281 931 10 2
97 262 7 5
395 588 27 21
149 460 29 19
294 988 11 4
514 628 20 2
316 456 15 9
134 917 21 9
275 605 1 0
233 367 15 11
203 582 82 21
97 297 10 4
20 855 20 1
3 29 7 0
286 571 12 8
298 807 9 6
247 482 69 5
223 427 22 3
438 797 8 0
661 993 2 0
515 698 9 3
210 811 2 0
10 645 22 0
151 817 4 0
231 774 25 23
312 524 14 5
313 772 152 76
198 559 49 12
275 545 17 16
525 712 14 7
509 969 26 16
483 546 18 8
839 872 8 2
312 709 15 5
27 406 18 15
69 944 195 164
335 497 16 12
452 648 18 13
187 759 2 1
317 513 17 6
86 109 2 0
162 302 25 11
481 527 6 4
37 561 57 16
771 860 28 24
258 634 87 62
609 801 29 27
114 563 11 1
95 177 2 1
340 904 11 5
136 368 27 15
478 551 4 2
363 756 19 12
464 841 5 4
71 558 78 37
217 630 21 13
550 688 16 5
381 636 59 10
759 911 9 1
140 818 24 19
176 962 113 91
559 779 28 0
527 957 21 19
204 242 6 0
133 364 27 25
540 615 23 6
331 375 14 4
112 292 31 21
464 707 4 2
202 524 16 8
59 257 47 8
100 353 28 3
102 946 23 4
107 650 74 33
221 861 5 3
41 136 9 7
418 478 18 3
530 926 11 0
765 820 9 3
242 901 2 0
297 935 16 11
213 749 19 12
52 665 8 7
42 478 14 6
104 379 54 1
166 704 29 9
671 713 11 7
536 687 23 0
795 861 3 0
168 611 21 4
150 570 121 93
322 904 20 14
272 591 6 0
79 587 53 6
558 821 2 0
277 519 8 1
267 408 13 1
22 502 16 2
52 501 17 12
591 867 21 10
695 757 4 2
358 441 2 0
582 720 17 10
525 974 27 6
89 286 1 0
222 473 29 7
122 500 91 6
181 921 4 0
10 390 2 0
593 632 4 3
419 962 3 1
41 298 65 35
372 496 6 2
343 384 3 1
780 894 17 2
301 788 27 26
385 753 7 4
340 374 10 9
742 904 29 21
430 756 20 13
283 539 18 14
10 334 35 29
264 610 36 27
277 788 6 2
461 941 8 5
158 697 3 0
60 798 12 6
155 205 5 2
27 229 10 8
387 861 4 2
627 888 18 17
199 991 12 6
463 660 27 15
664 871 8 3
104 524 12 5
771 902 5 0
200 385 60 32
372 473 33 4
689 959 80 21
633 934 52 40
1 525 165 41
628 694 1 0
785 918 44 1
36 624 46 3
460 991 108 73
346 856 12 3
235 306 8 4
66 484 17 7
292 822 4 1
340 746 19 13
38 143 6 2
80 756 6 0
484 762 65 22
360 914 22 13
161 424 31 6
170 394 22 9
744 991 25 19
374 933 31 9
641 996 59 52
488 945 7 0
374 770 14 0
551 821 15 11
120 488 21 7
331 773 108 50
637 841 67 34
495 983 36 27
83 850 7 1
80 763 31 15
419 443 6 1
221 904 29 28
187 530 23 18
262 843 28 24
324 481 14 12
183 530 26 14
272 747 11 8
28 162 30 17
63 363 18 1
583 893 87 3
269 737 151 106
11 357 16 10
634 677 5 3
94 322 24 17
128 733 1 0
191 406 30 17
791 888 5 2
97 749 165 4
6 601 17 10
393 475 21 10
641 690 12 5
383 964 29 26
615 860 12 3
402 621 14 8
485 568 28 9
472 972 10 7
25 960 25 24
229 374 4 0
423 730 78 45
917 934 2 0
213 841 76 54
304 862 24 0
750 941 16 4
67 394 15 8
243 270 1 0
437 950 20 4
344 851 24 6
160 215 15 12
714 792 16 7
178 264 2 1
691 966 84 59
530 753 26 20
179 539 15 4
715 863 15 13
836 867 6 2
171 616 10 2
246 347 18 16
318 510 20 12
231 329 2 1
181 578 29 9
159 268 11 5
623 854 2 1
241 734 75 30
87 452 97 82
500 705 25 3
143 265 10 4
837 877 11 5
939 952 1 0
684 716 1 0
324 455 8 0
148 910 158 95
9 956 27 14
723 756 8 5
363 756 96 42
513 877 33 32
649 884 8 7
747 930 14 1
304 516 31 6
335 767 26 21
642 784 22 6
66 691 26 20
15 969 13 8
435 911 12 7
420 525 33 32
517 630 31 29
510 873 16 2
473 962 25 22
219 825 102 61
592 605 3 0
104 771 22 4
16 775 24 8
208 713 13 7
723 860 17 2
466 849 27 12
160 372 4 3
249 715 24 23
360 690 8 4
344 448 22 9
60 319 11 3
95 522 7 1
38 601 13 9
479 842 7 6
487 759 86 20
247 406 3 2
585 783 5 4
746 774 3 2
237 955 30 14
69 256 60 1
444 517 22 5
287 778 15 9
157 591 28 20
277 863 120 115
111 433 16 14
322 635 8 0
321 517 18 9
534 955 13 6
124 208 28 23
554 826 26 12
110 950 19 16
81 283 4 2
280 425 16 13
826 943 22 10
131 267 41 5
784 863 5 2
778 846 10 2
810 944 24 21
250 746 115 47
632 668 10 9
619 847 21 18
89 493 4 0
391 854 7 6
64 530 28 21
518 982 15 11
124 467 46 19
206 786 20 13
114 452 6 2
380 894 31 18
881 946 12 9
56 994 7 3
52 716 97 31
205 454 42 24
550 575 7 3
419 641 14 10
738 876 18 14
701 779 13 0
513 862 13 9
872 953 1 0
179 514 21 19
342 463 23 7
559 807 5 2
194 825 17 5
28 775 27 9
601 856 15 6
88 254 31 7
538 710 19 9
400 867 6 1
41 1000 15 0
605 862 13 12
86 828 28 27
102 938 23 6
89 659 29 18
520 864 14 4
421 494 20 13
86 624 15 5
537 998 30 26
180 846 136 102
748 832 3 0
630 859 3 0
243 562 19 12
135 287 1 0
233 964 28 8
118 747 33 27
248 560 4 0
324 969 25 1
108 841 139 95
87 152 18 9
115 986 23 0
63 190 18 11
459 495 4 2
213 412 32 28
87 397 4 0
585 785 25 7
453 800 15 2
21 585 25 18
88 511 26 9
817 937 17 0
544 863 97 38
611 794 17 1
67 82 3 1
80 825 30 2
310 439 20 3
370 420 7 0
569 703 12 6
61 376 26 19
667 785 10 8
60 821 218 136
534 756 26 25
626 912 30 12
359 817 20 6
72 198 23 0
191 440 20 2
214 739 106 78
37 618 10 8
984 994 3 2
460 850 18 8
322 712 29 20
129 691 4 3
147 793 3 2
125 324 38 30
158 721 10 1
720 994 27 8
232 662 1 0
438 936 10 8
84 738 140 39
467 688 24 21
724 951 65 14
702 784 27 3
126 766 16 5
363 983 117 0
340 970 24 5
648 873 2 1
285 420 4 2
37 760 28 1
957 985 6 0
354 633 4 3
142 931 31 3
197 601 104 71
53 600 22 11
224 821 7 5
439 838 111 29
23 539 53 42
150 711 169 146
76 404 28 7
321 617 22 17
445 866 10 0
146 555 21 5
266 392 15 11
233 980 227 78
832 994 1 0
83 404 31 17
527 707 29 4
350 727 28 1
416 940 12 7
61 515 30 1
65 770 24 8
238 777 20 17
544 986 3 1
587 681 18 10
384 892 118 115
150 788 7 0
691 898 3 1
30 71 4 2
682 994 16 13
281 676 5 1
269 492 28 13
276 587 9 0
875 960 7 1
239 824 19 11
686 928 13 4
92 809 3 1
469 703 24 12
160 739 97 49
239 290 12 7
339 541 7 6
55 132 17 6
710 910 20 3
616 835 31 25
192 288 16 3
164 465 70 60
530 902 30 24
604 867 17 12
707 897 20 3
175 786 10 9
753 951 12 3
255 892 181 174
456 983 94 16
34 992 26 7
261 985 11 8
444 720 92 34
533 766 2 0
292 875 31 16
669 926 16 0
290 591 87 60
459 617 46 30
339 816 29 11
676 750 17 4
312 761 119 1
208 907 20 9
446 682 61 28
97 659 70 46
330 589 8 2
239 965 30 7
161 668 29 11
436 799 57 17
52 526 1 0
731 801 17 3
436 479 7 2
719 766 15 12
