61511
67787
57719
71994
89010
41743
55368
67787
90604
82582
99541
71969
66308
82582
89016
80882
76926
32209
59605
48872
71074
57719
68855
95046
68855
92898
94386
62489
62515
79184
90604
95046
31380
92916
63434
80427
92898
57391
77570
68855
62316
71074
92722
89016
44078
73675
83156
63434
67782
92898
59605
59605
49438
92916
89016
78911
71994
84069
89016
46728
95046
51339
32460
90604
87952
57719
77594
69955
53573
56751
89016
73675
86047
65670
92898
83156
57609
57609
67787
57609
87952
89016
60325
58657
99541
89016
66893
57719
95046
83156
40599
44607
66308
80882
94386
76926
45681
86047
78911
82642
59691
41037
58657
78911
48872
94386
99541
66893
97057
60596
78911
80882
43953
76926
57719
63434
89016
33637
74012
67782
82642
57594
77570
42492
43961
57312
43739
56269
47548
77570
41037
73139
99541
57594
57719
74012
95046
92898
60135
51661
73023
89010
55948
95046
89016
70259
50485
91698
95046
89016
46728
50171
35467
89010
51981
83156
86047
73139
74012
99541
59691
78911
92916
89016
59605
46277
99541
79184
57707
80882
31710
82582
75997
59928
89016
96831
36539
89016
86047
53561
68010
74012
97057
92916
45915
59146
76176
45380
89016
99541
87952
89016
86047
87952
92916
67246
71994
89010
62316
62515
62515
89016
73139
74012
82265
69505
80882
75997
43092
75997
82265
57609
70259
63434
70259
57594
89016
95046
92916
89016
89016
78911
57719
82265
71994
59605
92722
73139
97057
92916
92898
73139
95046
86047
57391
53842
62316
71969
95046
92898
48614
86047
83156
92898
67246
92898
68544
89016
70457
67787
57384
89016
36617
36539
50171
67246
75997
66308
73023
89010
83156
41935
96831
73675
78911
56269
92916
95046
79184
82265
96831
97057
40209
92898
83156
70259
48639
89016
67246
57719
95046
82642
83156
92916
66893
92898
83156
50171
48067
62316
65670
97057
43034
71994
92722
71074
73675
92898
89016
44945
57799
42890
92916
58657
51481
96831
73023
89010
92722
53874
92898
92916
71994
45135
62316
92916
80427
60325
38667
64347
73023
99541
66893
59691
71994
87952
97057
86047
67782
83446
55465
69505
99541
89010
66893
68855
89016
91698
92916
48908
65670
99541
78911
71994
92898
78911
47294
95046
36245
67787
92898
96831
78911
86047
78911
99541
66308
60609
92916
57391
46687
33519
73023
55730
73139
57719
92722
89016
66825
83446
35127
79184
51981
92916
36245
58657
55368
57384
45306
94386
90604
68855
82265
73023
68544
67782
99541
59945
76176
97057
97057
60325
89016
95046
82642
78911
47801
89010
68010
58359
50171
92916
48872
89016
96831
55449
96831
92916
89016
71994
89010
44607
67782
82265
89016
67782
83156
92722
51339
76176
59945
57719
83633
69955
31380
70457
82642
82582
56347
67787
57671
41037
45457
48872
54636
83156
87952
92722
80882
92898
55465
96831
89016
57719
44607
92916
47367
44160
57719
73139
89016
67782
92916
65670
82265
94386
89016
76926
84069
92722
85203
67782
78911
92722
74012
86047
74012
60609
44607
99541
92898
91698
96831
87952
89010
90604
44607
42890
92722
57719
55672
92722
99541
83446
57719
91698
92722
71994
92722
83633
87952
56347
61680
47294
90604
60596
89016
53205
83633
51257
90604
85203
83156
76629
95046
50171
35627
57719
78891
99541
57719
97057
92898
61511
92916
57609
76176
67787
77570
68010
66308
78911
79184
83156
89016
83156
38251
94386
90604
92722
61078
58657
71074
99541
89016
39493
57719
41776
66893
42020
96831
47367
44078
58657
71994
95046
92898
85203
50412
96831
73675
95046
62865
89016
53874
94386
82642
71994
71994
92898
41037
82642
86047
35127
95046
82642
73139
51661
55368
92916
89016
92722
83633
86047
89010
57312
58657
42614
96831
89016
71994
67782
38047
96831
46277
39813
80882
59146
71994
83496
84069
67782
74012
74012
89016
89010
73023
60596
68010
92898
83156
56751
89016
92722
89016
54417
64347
92916
91698
99541
71994
53842
65670
86047
73023
49716
52361
41743
92916
59691
92898
86047
76176
82642
76629
92722
61680
82265
99541
80882
91698
83446
84069
67787
73139
92898
49716
87952
85203
41743
57609
92916
70259
89016
83446
43581
89010
92722
92722
92722
51034
89016
55672
44078
89016
94386
86047
44535
85203
76926
53842
80882
32398
94386
97057
92722
74012
57236
83156
48480
78911
62515
92898
68010
64213
83156
99541
89016
73675
85203
83446
92916
67246
89016
67787
80882
62489
71994
82642
68010
50412
58359
86047
99541
47548
97057
66825
96831
92916
48857
74012
80427
57312
99541
71074
66893
92722
97057
89016
92898
94386
41935
58810
99541
87952
82582
32209
89016
82582
48639
76176
42614
49438
41776
47294
59605
47294
90604
57719
50949
76926
95046
41743
73675
77570
92898
66825
83156
63434
71994
97057
92898
96831
59691
89016
92898
92916
66308
53671
84069
46728
82582
92916
67782
63434
97057
92916
60209
75997
57609
73139
46180
42890
71994
89010
83633
46728
70259
44607
94386
44078
67782
60135
73023
73023
99541
95046
89016
76176
83156
99541
68544
71994
77570
53573
68855
44174
92898
57799
78911
52101
66308
92898
39773
44607
99541
95046
56751
90604
89016
91698
82642
59605
80882
91698
92916
73675
73675
55449
83633
97057
82642
94386
63434
62865
78911
92722
76176
73023
82582
44078
90604
64347
95046
83496
45306
31380
60596
53205
92916
99541
86047
47367
61680
86047
84069
80427
57719
83156
57719
86047
92722
53671
92916
63434
66825
92916
89016
95046
35874
68010
50949
44945
78911
70259
82582
92916
77570
92722
51859
48480
83446
87952
92916
69505
51481
35467
68252
92898
92916
44078
57799
89010
95046
76629
44078
58676
69505
42492
57594
95046
66308
89016
73023
94386
77570
43111
79184
75997
92722
92898
62865
79184
55465
78911
51859
58657
45380
73675
96831
92722
89016
86047
57719
41382
89016
92916
92898
60209
91698
42492
92916
83446
67787
68010
92916
80882
95046
62316
99541
53842
53874
92722
89016
71994
75997
45135
46180
44607
68252
35627
36423
67782
95046
78891
57719
92898
87952
76926
83446
99541
92916
68010
92898
35219
99541
68544
57594
41037
92898
97057
99541
66893
57719
43739
38571
99541
92722
92916
97057
85203
89016
63237
79184
94386
90604
45135
59146
94386
68855
79184
99541
92916
92916
96831
96831
89016
91698
57671
74012
92916
52555
83156
28653
83633
92916
96831
75997
71074
82642
71994
97057
99541
53269
92722
79184
83156
51661
95046
92898
