203921.93 708.37 886.00 715.00 1000.00 741.00 242.00 506.00 221.00 307.71 461.00 513.00 784.00 4908.00 264.00 512.00 995.00 856.00 165.00 858.00 433.00 8352.20 982.00 986.00 672.00 856.00 34.00 160.00 471.00 252.98 918.00 986.00 67.00 495.33 752.00 568.00 412.00 529.00 586.00 36.00 821.00 977.00 124.00 488.00 145.00 815.00 121.00 745.00 890.00 199.76
195.00 425.00 556.00 667.00 148.00 648.00 4364.00 212.00 522.67 5817.00 732.00 328.90 597.00 96.00 456.44 193.00 155.00 908.00 331.00 775.00 95.00 498.00 516.00 627.00 644.00 812.00 700.95 594.00 947.00 218.00 171.00 4218.00 257.00 120.00 5691.17 248.00 420.00 434.00 731.00 649.00 69.00 981.00 40.00 8952.56 307.00 771.00 315.00 786.00 527.00 934.00
195.00 220.00 413.00 539.00 282.00 737.00 193.00 651.00 749.00 900.00 799.00 667.00 738.00 865.00 241.00 388.00 511.00 619.00 384.00 414.00 644.67 353.00 793.00 686.00 1833.00 897.00 407.00 625.00 3464.00 637.00 842.00 895.00 421.00 883.00 921.00 338.00 239.22 306.00 637.00 691.00 2761.00 159.00 505.97 866.00 606.00 831.00 358.00 716.00 570.00 224.16
300.00 8113.43 94.00 1555.00 420.00 640.00 129.00 626.00 389.00 515.00 271.00 496.00 605.00 211.00 352.00 503.46 266.00 128.00 138.00 856.00 723.00 704.00 891.00 621.00 601.00 389.00 660.00 574.00 586.00 452344.03 763.00 3673.00 147.00 1154.01 298.00 248.00 87.00 624.00 505.00 454.50 135.00 887.00 234.00 121.00 209.96 1342.00 847.00 80.00 290.81 337.60
2827.00 12.00 762.00 651.00 93.08 993.00 198.00 870.00 629.00 485.00 462.00 468.00 409.00 480.00 277.00 567.00 442.33 917.00 491.00 282.00 7427.68 1383.00 258.86 886.00 272.00 898.00 571.53 926.00 907.00 24021.41 455.00 609.00 52.00 547.00 667.00 829.00 762.00 266.00 496.44 811.00 579.00 183.50 591.00 464.00 575.00 248.00 408.00 301.00 610.00 273.00
779.00 686.00 709.00 433.00 499.80 330.52 515.96 985.00 339.00 894.00 231.60 974.00 7435.82 302.00 76.00 725.00 467.00 676.00 995.00 620.00 430.00 212462.98 643.00 910.00 990.00 4.00 820.00 692.00 747.00 169.00 862.00 766.00 160.00 683.00 3915.20 273.00 680.25 144.00 323.00 583.33 562.63 873.00 539.00 348.00 473.50 536.00 530.62 717.00 513.00 146.00
863.00 1044.86 676.00 476.00 860.00 595.00 391.00 614.72 381.00 376.42 281.86 388.00 251.00 746.00 280.00 13206.45 580.00 741.00 199.00 908.00 654.00 543.00 767.00 355.00 886.00 428.00 710.00 16280.12 272.00 21021.80 250.00 692.00 419.00 286.01 123.00 366.00 835.00 217.00 339.00 661.00 795.00 795.00 937.00 601.00 249.00 546.00 157.00 284.92 884.00 357.00
899.00 331.20 727.00 488.00 13471.25 403.00 426.00 874.00 428.69 767.00 244.50 238.35 297.00 805.00 315.00 226.00 127.00 787.00 327.00 382.00 8951.00 3849.60 90.50 531.00 830.00 6151.00 338.00 173.00 457.38 869.00 4263.00 139.00 84.00 432.00 130.00 5772.67 1989.00 4178.68 853.00 832.00 75.00 1648.00 621.00 703.00 400.00 288.00 535.00 518.00 665.00 855.00
216.88 576.43 240.00 606.00 669.00 257.00 444.00 42.00 958.00 739.00 627.00 2315.33 916.00 133.00 91.00 536.00 617.00 568.00 893.00 12657.80 422.00 6397.00 468.00 528.00 960.00 113862.13 981.00 892.00 857.00 986.00 694.00 735.00 251.00 546.00 50.00 233.00 514.00 952.00 908.00 63.00 472.00 949.00 738.00 608.00 402.00 520.00 872.00 1614.00 718.00 2085.08
348.00 672.00 255.00 792.00 261.00 85.00 976.00 240.00 977.00 475.00 139.00 997.00 171.00 190.00 490.00 821.08 136.00 18.00 987.00 507.00 639.00 336.00 363.00 1307.42 482.40 18722.80 945.00 362.00 5803.00 1849.00 886.00 532.00 1037.96 432.00 379.00 579.00 519.00 163.00 81887.92 405.00 564.67 454.00 994.00 666.00 405.00 980.00 643.67 996.00 1490.06 536.00
327.00 597.00 549.60 193.00 982.00 539.00 68.00 210.00 625.00 315.00 46.50 71.00 663.00 270.00 414.00 9552.92 74.00 262.00 563.00 306.00 619.00 14.00 383.00 947.00 157.00 3688.00 434.00 148.00 1172.00 556.88 3072.00 459.94 411.00 265.00 708.00 990.00 507.00 461.00 214.50 606.11 611.00 666.00 616.50 938.00 473.00 656.00 988.00 537.83 4594.50 877.00
373.00 804.30 355.00 715.00 54.00 988.00 581.00 584.00 598.00 317.97 3967.00 26764.13 281.92 3474.32 338.00 509.19 150.00 35.00 183.00 575.00 389.00 586.00 702.00 311.00 296.00 903.00 944.00 769.00 53.00 743.00 95.00 566.00 83.00 976.00 616.00 823.00 817.00 867.00 136.00 600.00 687.00 39.00 343.00 472.00 823.00 831.00 2403.00 757.00 963.00 141.00
632.00 890.00 101.00 676.00 197.00 299.78 156.00 982.00 973.00 183.00 559.00 86.00 171.00 873.00 536.00 654.00 795.00 107.00 882.00 113.00 386.00 380.67 975.00 500.00 267.00 8704.00 767.00 621.00 604.00 480.00 965.00 743.00 21.00 450.00 657.03 97.00 307.00 955.00 260.00 510.00 374.00 162.00 374.00 127.96 37.00 395.00 765.00 754.00 456.00 371.00
169.00 699.00 340.00 318075.42 307.00 283.00 824.00 848.00 534.40 149132.81 689.00 1439.00 253.75 423.00 563.00 665.00 877.00 674.00 10.00 119.00 514.00 213.00 163.00 38.00 555.33 1029.29 814.34 144.00 160.00 628.00 1026.33 994.00 605.00 564.00 924.00 36.00 7.00 644.00 74.00 32226.09 221.00 784.00 677.00 461.00 509.00 836.00 1724.00 318.00 156.00 636.00
618.00 250.00 996.00 503.00 377.00 2816.00 533.00 567.00 410.00 189.00 763.00 468.80 99.00 44.00 736.00 875.00 500.00 429.00 300.00 912.00 451.00 330.00 359.00 231.50 951.22 153.00 514.00 588.00 320.00 314.00 556.00 41.00 113.00 775.00 7148.56 734.00 434.75 796.00 7997.32 899.00 349.00 5551.60 245.00 34.00 1000.00 97.00 6155.67 12227.45 365.00 2972.64
993.00 901.00 922.00 24.00 24.00 757.00 98.00 139.00 136.00 107.00 408.00 279.38 268.00 443.00 429.00 18290.19 541.00 493.00 598.50 643.00 729.00 679.00 158.00 385.01 270.57 172.00 550.00 654.00 752.00 224.00 284.00 7.00 865.00 856.00 722.00 59.00 128.00 876.00 494.00 519.00 1597.00 919.00 273.34 665.31 833.00 663.00 747.00 132.00 511.00 782.00
60.00 392.00 4856.00 903.00 256.16 658.00 728933.19 994.00 696.00 136.00 3074.21 874.00 879.00 1563.00 114.00 946.00 575.00 175.00 737.00 843.00 280.89 3323.00 5.00 769.00 815.00 710.00 352.00 860.00 462.00 558.00 252.00 627.00 970.00 590.00 114.00 649.00 473.00 654.00 411.00 445.00 636.00 4151.22 792.00 868.00 231.00 443.65 779.00 440.00 696.00 523.00
73.00 448.00 699.00 281.46 1000.00 307.00 956.00 588.00 135.00 371.00 331.00 201.00 861.00 218.00 989.00 95.00 128.00 712.00 615.00 598.00 5742.36 956.00 597.00 475.00 20.00 151.00 547.00 453.00 903.00 616.00 329.00 745.00 941.00 135.00 723.00 384.00 926.00 1231.80 828.00 2724.64 493.00 435.00 745.00 940.00 967.00 479.00 165.00 773.00 220.00 852.00
691.00 377.00 822.00 797.00 890.00 730.00 84.50 363.00 156.00 194.00 275.00 426.00 812.00 653.00 507.00 312.00 439.00 255.00 848.00 519.00 784.98 606.00 521.00 965.00 19.00 928.00 791.00 4224.00 642.00 735.00 3863.00 439.00 513.00 462.00 375.00 330.00 325.00 644.67 237.00 783.00 113.00 999.00 786.00 678.00 933.00 657.00 933.00 576.00 345.00 553.00
166.00 368.63 635.00 886.00 792.00 259.82 172.00 740.00 178.00 298.00 59.00 797.00 981.00 301.26 933.00 451.00 28537.19 1073.03 987.00 465.00 919.00 106382.37 583.86 892.00 54.00 38.00 194.36 646.00 308.00 256.00 720.00 1456.00 8.50 408.00 384.00 519.00 834.00 346.00 76.00 300.00 960.00 549.80 587.00 389.00 64.00 491.00 75.00 924.00 982.00 867.00
41.00 5841.00 429.00 214.00 155.00 13.00 229.00 491.00 30.00 563.00 684.00 15.00 44.00 156.00 266.00 4440.00 129.10 434.00 367.00 615.50 5065.18 168.00 1.00 540.00 671.00 233.00 409.00 493.00 543.00 321.00 338.00 879.00 243.00 3975.96 536.00 572.99 86.00 316.00 976.00 176.00 742.00 374.00 208.00 729.00 1280.13 564.00 610.00 379.00 979.00 832.00
785.00 686.00 624.00 589.00 674.00 61.00 831.50 677.00 496.00 914.00 871.00 451.00 308.00 540.00 750.97 248.21 590.00 798.00 2535.00 502.00 7.00 581.00 2249.00 588.00 836.00 70.00 303.00 375.00 702.00 798.00 326.00 787.00 327.00 593.00 123.00 158.00 768.60 435.00 161.00 783.00 961.00 501.00 419.00 518.00 393.50 533.00 36.00 837.00 294.00 791.00
2993.22 113.00 683.00 896.00 890.00 115806.16 186.00 639.00 578.00 570.00 763.00 645.00 140.00 698.67 1973.00 132.00 896.00 125.00 755.00 898.00 874.00 265.00 282.00 230.37 1245.40 960.00 817.00 314.00 25.00 470.00 803.00 652.00 552.36 624.00 320.00 264.00 809.00 2962.08 584.00 675.00 529.00 451.00 773.00 835.00 243.50 12457.09 153.00 1341.00 772.00 513.00
1330.00 915.00 500.47 206.00 653.00 360.00 680.67 8866.67 943.00 601.00 652.00 255.48 916.00 673.00 181.00 1331.19 235.00 666.00 1220.65 807.00 602.00 188.00 622.60 670.00 596.00 405.00 59.24 685.00 507.00 554.00 1731.00 850.00 14.00 687.00 295.17 578.00 914.00 492.00 440.00 806.00 858.00 377.00 426.20 339.00 2185.00 446.00 899.00 207.00 526.00 498.00
494.04 485.00 574.00 739.79 910.00 1508.50 1.00 669.00 889.00 212.00 42.00 3332.00 535.00 23.00 899.00 449.00 10826.00 882.00 167.00 56.00 194.00 439.00 235.00 597.00 544.00 170.00 273.00 8759.00 610.00 721.00 35.00 243.18 612.00 179.50 739.00 145.00 479.00 475.00 264.39 2955.44 378.00 620.00 616.00 312.00 952.00 555.00 5231.50 4385.00 361.00 312.00
420.00 181.00 554.00 842.50 599.00 238.00 910.00 476.00 890.00 290.00 304.00 674.63 442.50 645.00 899.00 704.00 865.00 587.00 26.00 803.00 936.00 984.00 519.00 74.00 934.00 220.00 353.00 302.62 110.00 707.00 207.00 227.00 460.00 736.00 921.00 857.00 693.00 2183.89 322.00 853.00 386.00 655.00 368.00 212.00 5395.44 453.00 490.00 2601.00 712.00 567.00
259.62 229.00 180.00 551.75 48447.53 1981.00 286.00 345.00 263.00 212.78 274.00 788.00 285.00 4872.56 525.00 190.83 984.00 585.00 421.00 715.00 642.00 290.60 821.00 161.00 745.00 7217.25 159.00 930.00 21.00 41.00 332.00 327.00 940.25 812.00 686.00 513.00 759.00 282.84 770.00 208.00 301.00 3911.00 652.00 656.00 206.71 644.00 859.00 442.83 3701.84 646.00
622.00 305.00 13.00 451.00 771.00 611.00 252.00 501.00 1010.56 145.00 101.00 170.00 917.00 962.00 289.72 244.00 885.00 79.00 810.00 143.00 731.00 556.00 1031.97 721.00 698.00 438.68 656.00 201.00 692.00 188.92 338.00 992.00 663.00 909.00 117.00 692.00 247.00 767.00 55.00 795.00 881.00 655.00 946.00 1797.88 13522.92 861.00 888.00 678.00 770.00 267.00
80.00 922.00 662.00 478.00 184.00 785.00 390.00 387.00 9.00 73.00 62.00 357.00 552.00 499.00 5665.00 977.00 18.00 95.00 366.00 949.00 874.00 874.00 465.00 624.00 138.00 671.00 768.00 443.00 868.00 983.00 302.00 605.00 334.00 475.00 956.00 547.83 960.00 611.00 633.00 189.00 276.12 94.00 449.00 35209.58 444.00 168.00 69.00 88.00 285.84 198.78
411.00 722.00 504.00 393.00 630.00 332.00 980.00 393.00 219.22 614.00 632.00 198.00 53.00 716.00 868.00 662.00 761.00 125.00 435.00 266.00 290.84 200.00 889.00 232.00 61.00 595.00 54.00 194.00 569.00 351.00 1513.00 627.00 978.00 126.00 593.00 499.00 60.00 327.61 669.00 514.00 175.00 942.00 779.00 650.00 57.00 267.00 80.00 213.00 49898.64 293.00
199.00 1324.56 42.00 857.00 2234.00 688.00 469.00 322.00 243.00 3508.00 314.00 262.00 200.00 825.00 199.00 33.00 977.00 1962.52 20161.81 103.00 913.00 3426.91 766.00 316.00 292.00 1498.00 1040.48 858.00 108.00 251.00 25.00 15.00 759.00 262.00 505.00 494.00 721.00 995.00 839.00 695.00 322.00 189.00 469.00 581.94 829.00 851.00 545.00 76.00 2396.89 34.00
308.25 687.00 76.00 735.00 298.00 873.00 613.00 3493.03 643.00 5109.50 483.00 472.00 313.00 189.00 985.00 213.00 698.00 110.00 8.00 4881.84 61.00 722.98 272.00 497.00 153.00 549.00 965.00 633.00 161.00 774.00 975.00 493.00 346.00 80.00 86.00 10.00 782.00 2125.85 420.25 236.78 562.00 471.00 173.00 544.67 705.00 717.00 604.60 733.00 572.00 375.00
928.00 187.00 240.00 117.00 865.00 568.00 687.00 383.00 433.00 5313.00 268.00 98.00 878.00 717.00 922.00 251.55 628.00 505.00 192.00 758.00 549.00 841.00 311.00 5446.00 321.00 3969.00 872.00 946.00 1064.93 26.00 411.00 301.00 1689.00 358.00 558.00 955.00 325.00 710.00 898.00 19.00 762.00 555.14 49.00 209.00 621.67 698.00 964.00 621.00 741.00 140.00
115.00 989.00 51730.53 398.00 2200.50 343.00 3288.00 536.00 413.00 1208.00 597.00 906.00 617.00 629.00 135.00 323.00 247.70 856.00 613.00 1033.00 841.00 961.00 178.00 481.00 301.00 249.00 260.00 479.00 20.00 974.00 581.00 385.00 452.00 671.50 998.00 925.00 644.00 682.00 25.00 284.00 365.00 440.25 652.00 521.00 360.00 551.75 91.00 628.00 851.00 369.95
399.00 233.00 6.00 774.00 109.00 923.00 729.00 921.00 684.00 801.00 288.00 3035.00 900.00 290.75 739.00 107.00 179.00 893.00 239.00 659.00 25817.40 553.00 856.73 632.00 1.00 258.00 497.00 631.00 1602.00 701.00 784.00 227.00 539.00 288.06 722.00 666.00 119.00 474.00 135.00 898.00 259.00 246.00 381.66 1864.00 54.00 304.00 704.00 855.00 559.00 200.00
630.15 27.00 757.00 135.00 294.00 743.67 373.00 227.00 114.00 980.00 648.90 424.00 199.00 279.00 812.00 764.00 240.00 726.00 330.00 4861.00 5.00 657.00 29.00 962.00 719.80 454.00 755.00 466.00 938.54 956.58 758.00 11071.86 922.71 926.46 860.00 533.00 954.00 541.00 785.00 641.00 127.00 14.00 898.00 688.00 89.00 1300.80 87.00 555.00 26.00 55.00
2482.00 903.00 420.00 224.00 458.00 580.00 905.00 7107.46 101.00 386.00 981.00 174.00 2423.00 3675.87 275.00 645.00 18.00 784.00 993.00 688.00 17801.52 456.00 71270.20 348.00 967.00 485.00 654.00 4293.78 957.00 517.00 824.00 2.00 728.00 337.00 927.34 626.00 584.00 211.00 153.00 1520.00 2550.92 47.00 994.00 1904.64 114.00 1455.00 297.00 562.00 546.64 128.00
328.00 680.00 441.00 15.00 703.00 510.00 7148.00 51.00 588.00 918.00 1224.80 582.56 758.00 828.00 2060.00 251.00 769.00 248.00 475.00 531.00 161.00 457.00 854.00 321.00 657.54 527.00 20.00 157.00 436.00 925.00 214.00 575.00 12.00 734.00 936.00 264.00 710.00 377.00 666.00 23328.20 578.00 521.50 1593.00 917.00 2563.00 212.00 171.00 364.00 811.00 574.27
136.00 844.00 1.00 80.00 982.00 382.15 287.82 649.00 52.00 888.00 111.00 221.80 71.00 324.02 57.00 574.00 455.00 92.00 79.00 890.00 97.00 16762.22 625.13 491.00 216.00 766.00 880.00 302.00 506.00 206.00 902.00 607.00 479.00 576.81 393.65 1583.00 572.00 360.00 1008.00 967.00 200.00 888.00 853.00 564.00 876.00 850.00 321.00 866.67 896.00 46.00
33.00 702.60 406.00 514.00 407.00 230.00 907.00 169.53 994.00 533.00 13409.04 960.00 428.00 793.00 152.00 79.00 993.00 587.00 954.00 836.00 642.00 10.00 22962.03 30.00 91.00 696.00 719.00 51.00 479.00 4.00 362.27 212.00 231.00 1019.81 175.00 425.00 688.00 828.00 852.00 890.00 560.00 672.00 902.00 638.00 787.00 667.00 26.00 213.00 113.56 854.00
