816.00 491.00 20.00 420.50 95.00 894.00 404.00 458.00 1000.00 1075.86
562.00 254.00 497.00 988.00 578.00 215.00 470.00 697.00 577.50 303.94
515.00 855.00 304.00 474.00 684.00 970.00 993.51 622.00 336.50 184.53
92.72 28.00 34.00 273.00 195.91 119.50 881.44 408.00 865.00 119.50
774.00 558.00 137.00 1263.00 880.67 607.00 268.27 245.00 451.00 579.00
62.00 653.50 506.06 170.00 47.50 273.67 411.89 4113.97 281.00 729.00
474.53 180.68 841.00 25.00 611.00 125.00 569.00 849.00 311.30 753.00
598.00 892.00 195.00 340.00 389.91 946.00 42.00 3782.50 645.00 1862.00
761.00 373.00 9052.72 435.00 673.00 701.00 834.00 630.75 706.00 348.45
3291.50 538.67 766.00 1427.50 274.00 327.00 531.26 113.50 265.00 612.00
