2244.00 251.00 59.00 162.00 733.00 901.00 46.00 447.00 196.00 420.00 809.00 1720.00 286.81 609.00 732.00 306.00 127.00 1752.00 442.00 853.00 453.00 328.00 505.00 352.00 316.83
751.00 1307.58 250.00 198.00 394.00 9149.27 739.00 328.00 422.00 820.00 697.00 76.00 1222.30 443.00 346.00 553.71 554.00 526.00 891.00 633.00 6324.98 842.00 909.00 28.08 585.00
135.00 957.00 724.00 328.00 319.00 2770.00 798.00 591.00 3.00 145.00 481.00 7212.04 212.00 165.00 536.50 266.81 3552.00 404.73 782.00 155.76 402.00 475.00 687.00 134.00 132148.14
705.00 595.00 12.00 433.33 1100.00 199.00 814.00 156.00 190.00 505.80 155.00 112.00 270.00 171.00 66.00 795.00 850.00 906.00 817.00 160.00 488.00 57234.04 786.00 779.00 889.00
705.00 197.00 689.00 474.00 416.15 447.00 46.00 500.00 305.09 492.00 976.00 6224.98 74.00 26.00 971.00 746.00 693.00 1236.50 225.00 1324.16 539.00 177.00 628.50 751.00 12229.91
3079.28 5777.00 883.00 927.00 916.00 266.00 217.00 237.00 5415.00 276.59 74.28 260.91 704.00 431.50 2435.68 112.00 414.00 3398.14 480.00 390.97 948.00 634.00 490.00 942.00 810.00
175.00 131.59 716.09 966.00 1188.52 269.00 1728.00 536.00 802.00 654.00 3065.66 312.64 87.00 876.00 322.00 824.00 79.00 650.00 471.00 726.52 992.00 684.00 835.44 9584.16 977.00
788.00 535.00 18.00 69.00 22162.65 257.00 33.00 561.20 20.00 3052.00 215.00 71.00 682.00 128.00 1890.27 21.50 906.00 711.00 496.00 392.50 564.00 368.00 135.00 1312.31 955.00
2264.00 296.00 1078.00 174.00 69.00 186.00 278.67 906.00 1511.50 920.00 401.00 108.25 601.00 16636.47 472.70 5558.00 726.00 500.00 755.00 17.00 450.00 309.18 854.00 572.00 993.00
906.66 104.00 239.00 754.00 300.00 657.00 747.00 616.00 442.00 936.00 68.50 890.00 477.00 405.00 7657.59 107.00 612.00 922.00 18.00 1333.00 503.33 947.00 581.00 95.00 175.52
595.75 592.00 674.00 219.51 405.00 600.00 1142.37 329.00 601.00 338.00 725.00 78.00 49.00 12245.37 220.00 112.00 310.00 65249.40 583.00 134.00 1276.61 73.00 262.56 973.00 265.00
203.97 282.97 317.00 264.25 416.00 2208.50 238.56 125.00 1071.00 824.00 669.00 12348.68 814.00 618.00 640.00 407.38 612.00 2113.00 616.00 893.00 215.00 594.47 789.00 652.00 90.00
94.00 281.00 346.96 873.00 458.42 558.00 587.00 271.71 1038.62 303.00 3515.24 404.00 52.28 11.00 164.00 189.00 816.00 355.00 366.00 1428.00 101.00 914.00 1186.00 349.24 630.00
596.18 645.00 4016.84 43704.59 438.50 664.00 909.00 471.00 368.00 788.00 117.00 630.00 820.00 642.00 3561.94 91.00 41.00 896.00 324.00 257.88 164.00 2986.24 691.00 39.00 773.00
288.00 335.00 268.00 285.00 197.00 2070.00 127.00 874.44 355.00 252.81 823.33 164.00 989.00 82.00 614.00 823.00 506.00 121.00 647.00 374.00 52.50 639.00 496.00 324.00 119.00
913.00 83.50 3.00 362.00 864.00 936.00 946.00 802.88 553.00 363.43 12.00 7673.89 709.00 860.00 338.00 954.00 336.42 998.52 754.56 853.00 516.00 758.00 59.00 773.00 330.99
519.90 264.09 938.00 838.00 778.00 900.00 659.77 849.00 3151.00 901.00 306.38 187.50 740.00 8448.05 465.00 908.00 463.00 811.00 598.00 618.00 133.00 1641.88 494.67 902.00 861.00
936.00 12772.37 48.00 113.00 826.00 541.39 148.70 873.00 68.00 82.00 324.00 815.00 494.00 745.00 3305.11 969.00 265.00 721.00 246.94 670.00 803.00 589.00 322.50 220.00 2158.67
24102.42 149.00 448.00 592.00 401.00 592.00 899.00 302.00 305.00 1.00 651.00 280.00 169.00 918.00 788.00 970.00 785.47 492.50 1222.99 5383.28 925.00 1495.00 2607.24 3364.00 49.00
426.00 253.00 2055.00 1229.44 422.50 939.00 882.00 197.00 373.00 200.50 541.00 772.00 547.00 711.00 51.00 531.00 985.00 486.13 344.85 868.00 194.00 1770.34 203.97 202.00 455.00
