199.00 470.35 483.00 14.00 665.00 330.00 594.00 180.00 720.00 156.00 256.21 755.00 659.00 432.00 1409.32 338.50 348.00 149.00 185.00 621.00 2166.00 225.86 594.00 100.00 542.00 10906.35 624.00 612.00 74.00 3146.00
866.00 2244.45 71.00 497.00 1662.20 760.00 979.15 688.50 3237.00 528.12 218.00 2194.27 278.97 494.00 201.00 342.13 771.00 539.00 105.00 98.00 141.00 66553.98 337.33 3427.33 521.00 427.00 361.13 936.00 997.00 380.00
1586.00 689.00 5652.93 719.00 2270.55 770.00 960.00 312.00 312.41 481.00 148.00 3040.25 20.00 400.00 804.00 841.00 999.00 596.50 435.00 41.00 163.00 409.58 1680.00 116.90 571.00 4365.24 442.93 572.00 886.00 1256.00
389.25 450.00 169.00 515.00 261.00 110.00 444.67 1329.00 554.00 902.00 529.00 552.00 174.00 8643.13 481.00 620.00 127.00 354.17 841.00 871.00 3628.00 587.00 446.00 626.00 1953.26 164.00 825.00 997.00 788.00 760.00
493.00 197.00 872.00 760.00 323.00 895.00 261.00 591.00 507.00 57.00 518.85 792.00 335.47 657.00 579.00 244.94 836.00 877.00 138.31 464.75 842.00 137.00 8322.33 472.00 801.00 112.00 987.00 330.00 5430.28 734.00
649.00 922.57 812.00 517.00 770.00 1073.37 1690.96 3932.00 612.12 1053.29 642.96 475.00 595.00 25.00 2713.16 876.00 947.00 861.00 224.00 568.00 599.00 749.00 18.00 331.00 594.00 164.00 452.50 1543.50 885.00 102.00
800.08 125.00 270.04 229.00 924.00 860.63 926.00 322.00 69.00 870.00 533.00 643.00 978.00 731.00 289.00 68.00 390.00 136.00 206.70 391.00 885.00 698.00 428.18 655.00 199.00 188.00 561.00 540.00 894.00 14.00
311.00 399.00 655.00 385.00 594.00 86.00 96.00 420.33 1354.00 23.00 477.00 908.00 54.00 187.00 3188.25 625.38 644.00 19.00 492.57 995.00 461.00 842.00 985.00 2072.00 119.00 601.00 955.00 551.00 304.00 404.00
827.00 290.25 804.00 267.88 11056.17 819.00 742.00 101.50 534.00 163.00 4182.00 1764.00 540.86 233.00 4510.93 74.00 616.27 995.00 216.00 835.00 328.00 344.00 6724.27 480.00 334.13 900.00 915.00 165.00 8916.00 967.00
9888.99 833.00 740.86 141.00 563.00 652.77 2311.00 1465.00 656.00 928.00 177.00 428.00 1048.00 778.00 295.00 232.40 85.00 382.50 217.62 859.00 291.00 628.00 158.00 444.00 167.00 319.00 344.00 277.00 157.16 268.86
161.00 454.00 711.00 951.00 3672.18 1447.20 630.00 2256.00 386.00 70.00 474.00 1330.67 5071.00 290.00 217.00 5037.68 120.00 756.00 986.00 826.00 367.00 57.00 573.00 8085.20 1750.71 888.00 952.00 496.00 504.00 510.00
761.00 664.00 2405.81 540.00 199.00 252.00 578.00 155.00 898.00 982.00 309.00 1011.48 9871.86 4.00 359.00 108.00 502.00 246.00 735.00 121.00 482.00 334.00 130.00 548.00 534.00 833.00 234.10 823.04 697.50 114.00
642.00 840.00 980.00 467.00 261.50 164.00 425.00 511.16 611.00 740.00 696.00 137.00 1244.00 1011.00 542.00 236.00 529.00 646.00 595.00 991.00 276.03 206.00 904.00 820.00 112.00 560.00 746.00 264.30 587.00 308.00
483.00 313.00 445.33 203.94 783.00 467.00 612.00 534.00 253.50 1094.00 182.00 468.00 957.00 15.00 596.81 558.59 692.00 825.24 433.00 143.00 756.00 40267.58 484.61 63745.16 685.00 511.00 556.00 691.33 378.00 1769.00
241.00 443.00 879.00 41.00 528.63 906.00 426.00 343.00 548.18 516.00 822.00 1395.00 287.00 35.00 515.00 522.00 211.00 709.00 699.65 702.15 924.00 185.00 696.00 106.00 792.00 685.00 1411.00 769.00 571.00 439.00
824.19 229.00 657.00 791.00 969.00 487.00 848.00 576.00 355.00 939.00 459.00 9883.00 1787.00 357.00 362.00 940.00 565.00 474.00 620.00 898.00 556.00 909.00 470.00 996.00 1481.00 215.00 219.00 985.00 227.00 438.00
602.00 608.00 188.00 778.00 914.00 778.00 127.00 351.00 362.00 31.00 1783.00 295.00 609.52 584.00 20.00 745.00 733.00 475.00 298.00 550.00 2658.24 242.00 331.00 820.00 570.00 109.00 264.78 882.00 251.00 708.00
422.00 272.00 489.00 465.00 1000.00 171.00 575.00 1760.00 840.00 292.00 512.00 309.42 99.00 387.00 4.00 851.00 672.00 202.00 213.00 47.00 414.00 148.00 358.00 845.00 805.00 280.00 11.00 493.00 640.42 327.00
3251.00 768.00 3768.00 704.00 87.00 630.00 85.00 955.00 572.00 772.00 622.00 636.00 265.00 530.00 382.50 115.00 384.00 23114.15 199.00 895.00 535.00 6455.00 862.91 8405.00 909.00 896.00 2026.00 901.00 402.50 109.00
36.00 4817.93 248.67 283.56 180.00 561.00 438.50 567.00 569.00 144.00 211.35 830.00 480.83 589.13 518.00 42.00 94.00 2801.00 806.00 545.00 72.00 441.00 3597.00 2944.00 1308.00 1302.00 376.00 631.00 88.00 264.00
65.00 67.00 945.00 910.00 79.00 468.00 78742.03 179.00 56.00 138.00 826.00 265.00 44.00 646.00 65.00 292.00 429.00 445.33 500.00 741.34 993.00 436.00 906.00 770.00 200.85 215.00 234.00 716.00 435.00 361.00
922.00 377.00 861.00 237.00 574.00 745.00 298.00 1485.22 468.00 319.00 799.00 862.00 166.00 831.94 914.00 54.00 923.12 215.18 511.00 157.00 872.00 577.26 799.00 34.00 383.50 102.00 119.00 1808.00 411.00 481.00
1791.93 160.00 9440.70 590.00 564.00 593.99 14483.16 1138.00 210.00 73.00 956.00 783.89 72.00 602.38 803.67 817.00 502.00 326.00 679.26 368.03 577.00 498.00 442.00 696.00 620.00 462.00 627.00 6621.03 168.00 282.38
427.00 2817.00 384.00 750.86 472.00 37.00 983.00 422.93 132.00 862.00 375.00 483.00 152.00 1613.92 339.48 968.00 888.00 815.33 323.00 954.00 2574.00 151.00 992.00 5150.00 842.00 948.00 621.00 211.14 117.71 504.00
905.00 2592.00 4923.00 648.00 346.00 624.00 302.92 341.00 570.72 474.00 337.00 629.00 925.48 491.00 317.00 810.33 852.00 629.00 157.00 333.00 389.00 482.04 152.00 228.09 139.00 438.50 960.00 145.00 810.00 789.00
