39.00 426.00 1920.00 879.00 692.00 397.00 2645.65 454.00 44.00 571.00 3376.12 116.00 740.00 722.00 443.00 37.00 35.00 1619.00 529.00 342.17 983.00 1264.50 604.00 610.00 399.00 788.00 315.00 880.00 787.00 829.00
1024.69 928.00 60.00 751.00 283.10 6493.00 565.00 410.00 167.00 2750.75 796.00 868.00 129.00 617.00 819.85 302.00 132.00 691.00 864.00 436.00 171.00 883.24 2476.00 633.44 20.00 452.00 113.00 488.00 755.00 991.00
684.00 618.00 630.00 918.00 666.00 956.00 690.00 194.00 433.00 475.00 660.00 571.00 193.00 116.00 578.00 602.89 3010.18 394.00 163.00 410.00 386.00 400.00 991.00 386.00 697.50 62985.71 683.48 603.00 988.00 481.66
407.40 1780.00 906.00 639.00 376.87 486.00 642.00 533.00 779.00 842.00 897.00 962.00 562.27 823.00 291.00 93.00 521.00 3039.00 699.00 26383.58 897.00 615.00 4683.00 576.00 558.00 867.00 37.00 1178.00 174.00 375.90
483.00 273.00 69.75 481.00 815.00 54.00 656.00 367.00 1691.25 469.50 262.00 726.00 894.00 3141.75 96460.66 600.00 437.00 880.00 459.00 189.43 276.00 1976.75 356.73 201.00 627.00 311.00 567.00 3478.00 427.00 776.00
269.00 70.00 213.00 599.00 966.00 571.00 754.00 677.00 589.00 191.00 402.69 785.00 751.00 82.00 431.00 1919.00 1353.25 804.00 839.00 1907.75 525.00 123.83 212.00 320.00 920.00 462.00 341.50 526.00 121.50 379.00
305.00 878.00 571.00 420.00 190.00 422.00 218.00 790.00 362.00 983.00 109.00 838.00 235.49 325.00 559.00 382.00 313.00 130.00 307.12 1543.55 254.00 938.00 568.00 716.00 999.00 842.00 533.00 815.00 400.95 301.25
90.00 585.00 3781.00 754.00 1841.00 384.00 235.00 720.00 469.00 383.00 885.00 657.00 270.57 403.00 239.19 861.00 52.75 238.00 267.00 810.00 194.00 280.00 252.96 426.00 728.00 283.00 793.00 616.00 55.00 367.00
942.00 631.00 285.00 322.00 177.00 35.35 838.00 226.00 825.00 490.33 563.29 496.00 149.00 535.00 952.00 852.29 693.00 781.00 739.00 650.67 525.00 4434.54 18.00 367.00 407.00 674.00 729.00 125.00 470.50 152.00
604.00 376.00 61.00 622.00 223.50 348.00 563.00 413.00 545.00 640.00 587.00 854.00 381.00 250.00 565.44 144.00 470.00 1537.00 178.00 241.43 794.00 421.00 315.50 371.70 203.50 720.00 252.00 1460.31 576.00 773.00
389.29 736.00 682.00 2190.00 137.00 233.00 622.00 276.00 13.00 547.86 592.00 531.00 12423.25 599.00 452.00 77.00 1507.33 823.00 272.39 16.00 289.00 648.00 498.00 3290.00 421.00 277.00 818.00 791.00 978.67 284.00
105.00 272.00 756.00 13208.50 943.00 140.00 402.00 509.00 65.00 937.00 371.00 645.00 902.00 753.50 4745.52 852.00 499.00 977.00 522.00 455.63 500.00 382.00 143.00 13026.51 570.88 324.42 452.00 212.00 312.00 683.00
348.00 412.00 555.00 130.00 263.00 848.00 513.00 888.00 482.00 713.00 3703.50 683.62 251.00 235.00 800.00 558.00 296.74 480.00 501.00 996.00 104.00 905.00 1183.00 5599.97 927.00 970.00 248.00 629.00 850.00 1065.69
932.00 686.00 22789.43 793.00 883.00 456.00 997.00 707.00 218.00 812.00 169.00 804.00 211.00 1063.48 775.00 199.00 415.00 548.00 427.00 1081.80 133.32 899.00 2797.50 110.00 5086.40 316.00 104.00 848.00 687.00 254.00
717.00 403.03 225.00 562.17 649.00 286.25 46.00 1000.00 908.00 323.75 623.00 440.00 122.00 3437.00 682.95 472.00 997.00 36248.01 721.00 265.00 28.00 318.00 741.00 316.00 383.00 505.00 666.00 78.00 662.00 55.00
199.55 670.00 182.00 460.60 547.00 1099.00 556.00 220.50 431.00 890.00 94.00 936.00 1789.00 339.00 513.00 528.00 187417.10 283.00 105.00 17276.05 67.00 746.23 324.00 373.00 438.00 531.00 497.00 623.00 464.00 2726.00
731.00 802.64 351.00 930.00 169.00 735.00 176.00 712.00 934.00 520.00 31.00 782.00 690.00 286.63 165.00 629.00 838.00 158.00 283.00 96.00 332.00 789.00 910.00 2611.00 639.31 616.00 36.00 105.00 1311.00 13.00
4374.50 310.00 576.00 702.00 2979.00 212.00 689.00 274.50 595.40 328.00 683.00 936.00 681.00 84.50 273.00 557.43 372.00 620.00 78.00 97.00 881.00 94.00 320.00 474.00 515.00 228.02 634.00 741.00 749.00 998.00
27.00 602.00 13.00 36.00 342.66 702.00 932.00 417.00 7.00 855.00 603.00 147.00 91.00 1932.50 419.00 503.00 301.67 233.50 1259.50 666.00 60.00 371.00 771.00 7549.02 496.00 571.00 4487.75 48.00 947.00 662.83
2748.00 327.00 359.00 758.99 1650.00 570.00 573.00 58111.77 571.00 396.45 81.00 935.00 511.00 352.75 108.00 841.00 453.00 319.00 142.50 124.00 679.00 74.00 520.00 978.00 244.00 489.00 994.00 475.00 298.00 337.00
301.00 1455.00 103.00 828.00 7.00 326.00 971.00 533.00 444.00 445.00 335.00 127.00 1.00 244.00 212.00 610.00 800.00 785.00 330.00 750.00 85.00 113.00 571.00 192.00 90.00 1767.00 926.47 805.00 478.00 600.48
627.00 713.00 967.00 691.00 1002.00 549.00 988.00 63.00 37.00 756.00 937.00 1723.53 2602.95 6313.90 715.00 943.00 994.00 876.00 445.75 408.00 1696.00 4933.00 695.00 711.00 794.00 6347.00 64.00 273.00 402.00 3.00
830.00 173.57 422.00 164.00 587.00 534.00 977.00 479.00 858.00 426.50 505.00 2785.00 906.00 474.38 97.00 128.00 119.00 37.00 210.73 740.00 594.00 697.00 453.00 297.00 366.51 665.00 179.00 184.00 332.00 816.00
763.00 983.00 193.00 889.00 352.75 650.00 74.00 158.00 517.00 91.00 873.00 915.00 270.00 246.00 99.00 789.00 202.00 126.00 171.00 266.72 848.00 145.00 2.00 1866.00 116.00 519.00 718.00 701.65 628.63 801.00
19.00 10671.40 231.00 580.00 394.92 131.00 499.00 997.00 429.00 868.00 812.00 4515.00 999.00 178.69 1009.00 398.00 613.00 136.50 709.00 2022.00 653.00 510.00 340.00 781.00 611.00 660.00 4057.50 442.00 662.00 456.33
466.00 729.00 646.00 86.00 1821.00 913.00 493.00 2640.00 1179.77 642.00 881.00 3560.00 1514.47 568.00 8480.75 726.51 414.00 537.00 415.00 282.21 14048.51 21.00 557.34 987.00 3795.00 247.00 2010.83 329.00 104.00 129.00
399.00 812.00 738.00 331.00 682.00 454.34 117.00 1155.00 327.00 362.00 131.00 713.00 871.00 62.44 198.00 973.00 12256.50 720.00 664.00 591.00 914.00 904.00 399.00 149.00 762.00 500.00 708.00 466.00 441.00 851.00
7091.00 977.00 322.00 665.00 234.00 593.00 641.00 846.33 731.00 279.50 456.61 129.00 361.00 390.00 796.50 126.00 848.00 232.00 484.00 199.00 492.00 98.00 106.00 486.00 808.00 421.00 470.00 576.63 269.00 137.00
593.00 313.50 246.00 885.00 332.00 800.00 37746.78 501.00 958.00 9675.12 265.91 529.00 269.00 618.00 249.00 238.00 869.00 1003.00 757.00 96.00 674.60 578.00 38565.03 5.00 327.00 291.00 3242.00 672.00 825.00 527.00
428.33 943.00 7996.28 218.60 301.00 299.38 287.00 774.00 739.00 690.00 226.00 703.00 226.00 653.00 514.00 2758.00 456.00 428.00 875.00 851.00 737.43 724.00 301.74 893.00 52.00 456.00 200.00 921.00 603.00 610.00
1.00 43.50 2818.00 862.00 554.00 215.00 7286.21 33.00 257.71 194.00 229.00 345.05 296.16 166.52 159.00 263.00 935.00 563.67 234.00 607.00 172.00 531.00 473.98 457.74 15.00 327.00 227.00 562.52 893.00 941.00
791.00 163.00 760.00 825.73 904.00 853.50 412.55 181.00 135.00 748.00 90.00 497.00 44.64 731.00 811.00 747.00 578.50 953.00 795.00 138.68 194.00 455.00 177.00 242.00 207.00 706.00 579.00 152.00 117.00 641.00
604.00 851.00 82.00 882.00 888.00 325.00 3868.74 470.00 345.11 185.00 774.00 579.89 602.00 118.00 146.00 725.00 219.98 944.00 552.00 54.00 347.50 940.00 152.00 392.00 903.00 833.00 256.00 900.00 730.00 5019.27
917.00 996.00 169.00 765.79 412.00 154.00 804.00 998.00 583.00 249.82 528.00 833.00 285.67 727.00 444.00 947.00 249.07 647.00 614.00 12287.73 636.00 714.00 127.00 332.00 888.78 602.40 741.00 446.00 203.00 264.00
502.00 230.00 68.00 217.00 306.00 359.00 324.00 3596.00 213.50 861.00 5000.00 552.00 794.00 150.00 364.00 290.01 565.54 582.00 790.00 224.00 4.00 826.00 797.00 521.00 879.00 596.00 320.00 346.91 3924.00 861.00
