111.00 686.00 628.00 521.00 974.00 444.00 15.50 595.00 80.00 801.00 540.00 902.00 3840.00 196.16 126.00 159.00 125.00 516.00 410.00 836.00 811.00 643.86 149.00 210.00 15.00 555.00 885.00 820.00 322.00 716.67 148.50 168.00 21063.69 993.00 735.00 768.00 513.00 903.00 5.00 1449.00 187.00 900.00 934.00 380.00 964.00
85.00 269.00 970.00 578.00 518.00 442.00 466.00 867.00 577.00 206.00 72.00 608.00 651.00 339.00 429.00 1404.00 483.38 160.00 182.00 297.60 665.00 359.00 746.00 841.00 649.00 415.00 436.00 414.00 142.00 363.00 230.00 703.00 2402.00 3048.00 1542.00 993.00 629.00 649.00 317.00 235.00 212.00 453.00 12.00 254.00 309.90
1361.56 38.00 898.00 739.00 328.00 978.00 327.00 539.00 575.00 623.00 282.00 58.00 728.00 809.00 554.55 4937.16 501.00 947.00 760.00 771.00 172.27 550.00 860.00 598.00 353.00 213.00 449.00 987.00 130.00 412.00 516.50 454.00 848.00 597.00 540.00 748.23 465.00 553.00 3363.57 683.00 234.00 83674.50 343.50 723.00 467.00
737.00 370.00 255.00 397.00 822.00 846.00 188.00 361.14 195.00 335.00 359.00 132.00 685.00 482.00 901.00 4334.14 635.00 829.00 186.00 94.00 621.00 636.42 8543.20 605.00 755.00 342.00 756.00 576.00 421.00 885.00 186.00 175.00 106.00 693.00 18.00 664.49 956.51 136.00 347.00 781.00 267.00 408.00 301.00 277.50 578.00
68.00 267.00 810.00 643.00 754.00 231.54 863.00 932.00 8130.00 831.45 37.50 610.00 94.00 178.00 762.00 804.00 217.00 73.00 303.00 993.00 636.00 850.00 12164.00 254.00 853.00 265.61 143.61 848.00 415.00 800.00 458.70 419.00 709.00 476.41 205.00 234.00 564.00 291.00 524.00 350.00 338.00 322.63 131.00 764.00 1027.00
344.00 233.06 7885.98 545.00 754.00 80.50 411.00 424.00 988.00 100.00 13.00 108.00 713.00 369.00 34.00 867.00 226.81 769.00 142.00 985.00 55.00 709.00 1027.48 871.00 706.00 226.00 829.22 684.00 765.00 933.00 65.00 614.00 401.00 667.00 596.00 243.00 300.00 30.00 528.00 748.00 844.00 655.00 953.00 330.00 1785.00
22.00 515.25 185.00 770.00 5619.00 259.00 480.00 145.00 73.00 91.00 726.00 130.00 851.00 935.00 309.00 625.00 143.00 374.70 298.00 679.00 185.00 158.00 237.00 981.00 852.00 1068.00 18.00 340.00 505.00 982.00 30.00 6.00 585.28 542.00 104.00 454.00 594.00 745.00 229.40 914.00 666.00 347.00 292.00 3652.00 42.00
252.00 573.00 239.00 8629.83 341.00 476.79 543.00 399.00 2.00 406.00 873.00 276.00 272.48 863.00 402.50 888.00 10696.15 821.00 430.00 289.00 208.46 121.00 12.00 772.00 270.00 625.00 396.07 149.00 344.00 250.00 172.00 737.00 137.00 297.63 360.00 413.00 92.00 177.00 648.00 751.00 847.00 207.00 157.00 402.50 253.81
418.00 142.00 1748.25 408.50 883.00 413.00 40.00 663.00 589.00 5085.46 358.51 624.50 616.00 107.00 850.00 91.00 178.00 871.00 79.00 47.00 772.00 217.00 793.00 571.00 305.00 6591.00 376.00 867.00 5.00 739.00 162.00 289.00 284.17 82.00 848.00 365.00 195.00 989.40 30.00 49979.94 182.00 249.10 366.50 474.00 641.00
137.00 894.00 230.00 683.00 534.00 78.00 589.00 848.00 28.00 983.00 148.00 628.00 4109.00 730.00 635.00 509.00 27.00 443.50 338.00 711.00 33.00 288.00 328.00 259.00 858.00 506.00 1165.83 107.00 619.00 1590.00 395.00 144.00 647.00 674.00 655.49 83.00 291.32 164.00 560.00 979.00 293.00 440.00 829.00 259.79 693.00
544.00 410.00 334.00 947.00 994.00 814.00 376.00 232.00 923.00 646.00 965.00 46.00 359.00 61.00 469.00 58.00 7433.31 593.00 295.00 305.50 3184.00 384.00 747.00 915.00 561.00 1823.00 530.00 246.00 96.00 885.00 215.96 806.00 907.00 970.00 671.00 69.00 336.00 236.18 711.00 839.00 704.00 121.46 323.00 203.00 920.69
462.00 980.00 100.00 167.46 676.00 545.00 866.89 924.00 362.00 2621.37 663.00 93.00 565.00 1786.00 672.00 927.00 124.00 1662.00 583.00 112.00 75.00 329.00 609.00 50517.17 4186.00 674.00 563.00 180.30 736.00 738.00 935.00 272.00 718.00 139.00 647.00 1487.00 565.00 802.00 278.00 265.66 682.00 292.66 872.00 379.00 244.00
3661.00 5661.00 711.00 786.00 7039.31 960.00 197.00 391.00 486.00 507.49 534.00 837.00 374.00 545.00 401.00 793.00 980.00 522.00 282.83 774.00 468.00 255.07 192.50 506.24 204.00 960.00 936.00 321.00 4950.00 189.00 762.00 152.00 571.00 841.00 802.00 416.00 634.00 577.00 497.11 294.00 247.00 3162.00 71.00 953.00 568.00
53.00 332.00 11061.03 458.00 329.00 345.00 963.00 177.00 889.00 646.00 979.00 1843.50 417.72 68.00 227.15 720.00 376.00 108.00 706.00 9.00 570.00 827.00 26.00 128.00 10.00 885.00 4482.24 758.00 505.00 557.00 1661.42 181.00 348.00 862.00 950.00 630.00 729.00 2176.00 747.00 136.00 171.89 247.56 276.00 367.00 815.00
927.00 20.00 142.00 9725.37 8597.94 935.00 93.00 969.04 30.00 261.14 804.00 247.00 213.00 350.00 702.00 683.00 671.00 2131.61 314.00 511.00 852.85 4517.77 261.23 585.00 379.00 17487.76 108.00 57.00 3987.00 983.00 104.00 199.50 578.00 343.00 885.00 482.00 723.00 650.00 722.00 296.00 434.00 827.00 1342.14 427.00 1303.01
286.00 933.69 971.00 896.00 334.04 191.00 295.00 760.00 328.00 1475.00 1119.00 15220.01 1437.17 1986.00 756.00 760.00 154.00 5882.50 981.00 759.00 70.00 484.00 809.00 120.00 354.50 748.00 976.00 848.00 807.00 628.00 319.00 313.00 818.00 5703.00 154.07 586.50 736.00 483.00 1728.00 362.00 780.00 130.00 131.00 279.00 464.00
260.00 506.83 958.00 711.00 366.00 94.00 707.00 4394.00 559.00 869.00 945.00 735.00 3633.00 962.00 718.00 396.00 759.00 497.00 113.00 114.00 67.00 255.00 1672.00 414.00 1456.33 30.00 269.52 728.00 1497.43 2045.00 709.00 309.15 118.00 956.00 137.00 69.00 307.11 731.00 352.00 541.00 279.00 854.00 745.00 892.00 83.50
15028.79 287.00 973.00 646.15 47.00 984.00 615.00 14059.68 690.00 924.00 876.00 324.44 239.85 279.00 645.00 997.00 496.00 71.00 834.00 337.00 882.00 479.00 655.00 999.00 485.50 292.50 1200.09 555.00 599.25 360.00 405.00 638.00 359.00 637.00 515.00 100.00 123.00 554.00 49.00 266.00 810.00 669.00 865.00 648.00 577.00
964.00 586.00 232.00 583.00 579.78 488.00 314.00 1291.50 732.00 1000.00 521.00 444.00 1000.00 849.00 325.00 32.00 422.69 459.00 680.00 120.00 503.00 405.00 409.00 285.00 652.00 42.00 497.00 772.00 391.40 485.00 217.00 640.00 129.00 710.00 55.00 709.00 683.00 404.00 786.00 839.00 767.00 358.00 2618.17 862.00 403.00
360.00 892.00 454.00 278.00 349.00 135.37 63.00 562.36 179.00 347.47 934.00 617.00 704.00 553.00 136.00 791.00 433.00 755.00 222.00 155.00 950.00 420.00 764.00 45.00 545.00 102.00 124.00 85.00 878.00 192.00 120.00 110.00 1.00 266.00 383.00 658.00 388.00 664.00 239.85 521.00 152.00 826.00 1020.29 93.00 286.00
479.00 976.00 363.00 725.00 712.50 729.00 905.00 129.00 216.00 520.00 364.00 69.00 6269.00 587.00 607.00 758.55 338.00 96.00 7.00 950.00 774.40 979.00 844.00 80.00 689.00 439.00 591.00 143.00 136.23 702.00 264.00 934.00 945.00 353.39 1907.50 27291.96 51.00 926.00 631.00 113.00 312.00 189.24 39.53 524.00 495.00
2026.00 85.00 283.16 70.00 357.00 371.00 815.00 425.08 308.00 4041.46 796.00 291.00 157.00 845.00 928.00 2593.00 150.00 436.00 294.00 39792.39 76.00 21.00 154.00 483.80 424.00 672.33 357.00 1334.00 271.00 3056.92 815.00 373.00 205.37 146.00 36885.45 235.00 103.10 343.50 399.00 516.00 799.00 245.00 798.00 5970.00 6369.04
170.00 780.00 560.00 301.00 738.00 492.00 341.00 717.08 945.00 246.00 1336.00 279.00 413.00 690.00 29168.91 2700.23 696.00 729.00 566.00 827.00 926.00 653.00 902.00 768.00 770.00 329.00 172.67 466.00 654.00 485.33 255.00 281.00 970.00 289.00 716.75 151.00 23.00 303.88 147.00 958.00 1244.00 285.00 3137.37 1237.68 304.00
543.00 56.00 349.00 512.00 65.00 839.00 4962.16 63.00 945.00 692.00 4758.00 5.00 228.00 2515.50 843.00 326.41 736.00 205.00 977.29 155.00 336.00 450.00 235.95 447.00 13350.16 491.86 59.00 301.00 845.00 661.00 226.13 67.00 934.00 614.00 13.00 465.00 5446.00 656.00 362.00 671.00 399.00 393.00 1731.67 83.00 383.00
536.00 8.00 969.00 74.00 778.42 1547.00 784.00 368.00 522.60 243.00 100.00 7.00 785.00 267.00 993.00 854.14 349.00 857.00 109.00 234.62 1476.00 511.00 378.00 560.00 495.00 6727.79 103.00 145.00 553.00 488.00 72.00 784.00 971.00 947.00 491.00 744.00 495.00 850.00 6439.53 869.00 643.00 758.00 5270.95 802.00 666.00
32.00 797.00 167.00 15.00 321.50 260.00 567.00 382.00 11255.66 681.00 336.00 450.00 836.00 1.00 977.00 255.38 1.00 1589.00 591.00 492.00 282.11 78.00 950.00 4065.00 881.00 18018.07 105.00 178.50 264.00 34.00 140.00 160.00 605.00 554.35 635.00 74.00 474.00 69.50 598.00 716.00 213.27 929.47 188.67 228.00 512.03
1463.00 389.00 855.00 584.00 1305.00 143.00 370.00 1306.00 814.00 4489.52 865.00 431.00 639.00 96.00 365.00 115.00 957.00 228.30 42.00 816.00 3745.00 583.67 368.10 764.00 665.00 880.00 410.00 844.00 262.81 675.00 120.00 235.00 286.00 690.81 1607.00 515.00 267.00 16.00 98.00 724.00 376.00 427.00 542.00 945.00 228.00
885.00 313.00 331.00 654.00 737.00 651.00 960.00 280.00 829.00 771.67 112.00 92.00 900.00 200.00 51.00 1250.14 362.00 51.50 498.12 331.30 78.00 519.00 625.00 779.00 382.76 274.50 133.00 216.00 23202.70 2104.85 1696.04 615.00 244.00 670.00 388.00 463.00 645.00 788.00 764.00 848.00 961.00 770.00 240.00 862.00 932.00
846.00 716.00 377.00 417.00 171.00 1382.26 648.00 751.00 119.00 313.00 605.00 770.00 886.00 668.00 856.00 392.00 828.00 565.49 792.00 548.00 171.00 246.00 396.00 783.00 971.00 615.00 1065.80 336.00 554.00 728.00 661.00 421.00 98.00 461.25 542.00 839.00 733.00 522.00 141.00 255.00 1681.00 18.00 29.00 168.00 845.00
817.00 59.00 237.00 871.00 192.43 80.00 375.00 487.00 515.00 623.00 159.85 82.00 612.81 239.00 31.00 252.33 365.00 247.00 1985.00 57.00 126973.89 870.00 299.00 107.00 587.00 2342.00 627.00 351.00 662.00 148.00 411.00 1207.00 27.00 303.00 103.85 438.00 37.00 70.00 37.00 196.05 270.00 4266.72 925.00 16830.73 783.00
276.00 5373.29 446.00 243.00 739.00 558.00 994.00 158.00 62.00 490.50 825.00 889.00 378.67 545.00 108.00 45.00 129.00 707.00 515.00 782.00 837.00 287.00 319.00 57.00 851.00 595.00 275.00 108.00 304.57 126.00 459.17 692.83 179.00 415.40 609.00 58.00 229.75 348.00 709.00 523.00 1001.33 350.00 801.00 74.00 364.00
2918.73 596.00 210.44 61.00 3.00 774.00 349.00 22.00 831.00 9866.23 542.00 620.90 252.43 389.00 359.05 413.00 738.00 551.00 453.00 481.00 816.00 3862.15 568.00 741.76 417.00 659.00 21.00 182.00 244.00 657.00 953.00 15.00 783.00 248.00 343.00 402.00 294.00 478.00 564.00 570.00 114.00 370.00 870.00 519.00 333.00
121.00 958.00 180.00 291.30 13610.46 614.00 940.00 761.00 846.00 457.34 718.00 485.00 2654.00 680.00 541.67 188.00 718.00 902.00 632.00 705.00 770.00 1525.02 162.00 154.00 58.00 10.00 748.00 868.00 755.00 3690.58 566.00 865.00 564.00 8.00 121.00 390.00 906.00 118.00 96.00 362.71 253.00 512.00 238.93 565.00 146.00
934.00 328.00 9024.00 77622.75 516.00 315.00 778.00 611.00 789.00 359.00 928.00 59.00 808.00 965.00 410.00 801.00 379.00 319.00 820.00 3971.50 1369.00 4461.00 816.00 1561.18 605.00 919.00 813.00 530.00 221.00 206.00 558.00 462.00 160.00 647.00 705.00 574.00 472.00 917.00 59.00 809.00 354.00 25.00 613.00 666.00 970.00
896.00 4.00 39.00 694.72 417.00 227.00 485.00 36052.52 97.00 334.00 859.00 1046.14 280.00 741.00 579.00 715.00 55.00 215.96 256.00 857.00 188.00 863.00 799.00 511.07 447.00 81.00 606.00 271.50 623.00 701.00 7208.00 252.00 199.16 212.00 636.00 318.61 277.09 620.00 558.08 490.00 240.72 469.00 573.00 191.00 478.00
