40 30
202 531 14 215 138 SUM(9,14:11,19) 796 152 STD(26,19:29,19) 345 267 339 745 85 STD(6,13:6,15) AVG(24,28:24,29) 918 508 496 134 817 889 565 806 31 997 258 614 SUM(10,15:11,17) 973
461 236 578 922 280 494 444 80 983 STD(25,14:28,14) 556 STD(24,8:28,8) SUM(12,18:12,24) STD(12,19:28,25) 859 206 32 652 865 STD(11,2:20,24) 93 671 878 SUM(9,19:10,19) AVG(20,21:22,23) 951 AVG(28,20:39,20) STD(14,5:24,6) 890 718
78 SUM(31,19:38,30) 575 960 STD(15,23:20,26) 111 510 344 441 436 595 356 SUM(25,24:25,25) 787 462 839 957 688 178 629 AVG(16,21:17,23) AVG(9,13:10,14) 630 153 665 644 513 692 259 261
149 STD(39,28:40,29) SUM(18,12:23,13) 698 774 STD(26,7:40,21) 102 795 40 56 916 17 419 451 371 392 973 170 STD(23,10:27,14) 187 141 488 AVG(39,4:39,5) 121 STD(29,18:30,18) 293 22 AVG(6,15:8,15) 371 354
413 977 983 769 826 531 601 SUM(29,14:35,15) 690 STD(23,12:23,14) STD(37,23:37,24) 581 957 STD(24,25:26,25) STD(7,11:8,11) 907 AVG(30,22:32,22) 382 571 49 991 SUM(4,13:10,13) AVG(32,1:33,3) 270 73 906 817 319 AVG(27,5:32,6) 730
AVG(6,21:11,22) 861 727 743 86 STD(14,8:14,17) 143 SUM(5,5:6,5) 916 STD(19,22:28,22) 844 STD(27,13:27,16) 191 908 68 769 675 SUM(14,10:14,17) AVG(27,7:27,8) 757 343 462 335 752 AVG(7,23:7,24) 905 655 923 SUM(21,10:25,14) 686
795 776 987 AVG(3,23:3,29) 51 182 177 443 STD(30,17:32,17) 256 730 134 336 971 602 STD(3,8:4,9) 288 410 336 714 STD(1,16:1,26) 50 529 854 573 AVG(6,17:10,19) 781 699 68 426
43 746 616 STD(27,23:27,24) 264 415 400 STD(34,19:40,20) 741 SUM(9,17:16,17) 372 910 172 550 123 151 SUM(26,6:27,13) SUM(34,8:34,12) 683 739 48 SUM(6,13:8,16) 309 762 SUM(10,26:10,30) 486 207 128 SUM(13,2:13,3) 387
632 164 395 814 171 788 830 STD(28,6:30,8) 615 STD(20,13:20,14) 591 STD(3,25:6,28) 743 799 714 SUM(30,12:32,13) 247 876 STD(24,28:24,29) 813 683 708 645 282 SUM(23,6:25,6) SUM(20,19:20,25) 675 241 STD(31,14:34,14) 316
STD(31,28:31,29) 525 STD(5,11:6,12) 353 960 SUM(7,23:7,24) 996 733 403 STD(19,26:22,30) SUM(26,10:27,10) 826 583 919 895 260 844 437 664 660 180 AVG(1,26:2,26) SUM(2,5:2,7) STD(12,8:15,19) 50 685 STD(7,6:7,17) 499 211 141
321 65 STD(35,14:36,14) SUM(36,14:38,14) SUM(25,10:25,11) 719 AVG(35,13:37,15) 626 889 595 143 899 568 545 936 341 377 295 626 629 36 102 SUM(14,26:39,27) 179 20 773 139 STD(21,25:27,25) 421 SUM(13,26:13,27)
366 473 246 STD(23,19:24,19) AVG(26,14:26,16) 286 SUM(9,6:9,7) 368 AVG(5,11:5,12) 752 AVG(13,11:26,13) 445 SUM(33,3:36,3) STD(17,19:18,19) 115 615 STD(26,11:26,14) 242 514 918 185 AVG(3,11:9,11) 665 636 47 STD(4,7:6,8) 807 44 833 895
SUM(32,15:34,20) 136 819 754 136 351 SUM(25,5:25,11) 901 631 859 STD(17,12:19,12) SUM(10,6:19,6) 220 755 STD(24,14:29,15) 266 STD(21,4:21,30) 356 282 135 870 784 639 607 220 64 644 221 882 SUM(27,24:27,27)
740 AVG(21,9:27,9) 915 433 STD(23,25:23,26) 720 SUM(8,28:29,28) 464 917 652 838 AVG(19,8:23,8) 257 STD(6,24:7,24) STD(22,25:25,26) STD(26,16:26,17) 385 654 255 662 AVG(22,7:22,14) 805 176 AVG(29,4:29,8) AVG(21,13:25,17) 954 SUM(27,1:30,2) SUM(24,4:25,8) 694 187
AVG(4,28:4,30) 575 465 STD(23,24:24,28) 102 76 418 STD(18,22:21,24) AVG(22,1:24,1) 789 STD(2,11:5,11) 115 AVG(18,29:18,30) 98 AVG(18,4:18,7) 852 810 814 984 802 255 819 64 STD(28,6:30,8) 570 748 247 634 SUM(7,16:13,16) 467
STD(25,15:27,17) SUM(6,12:7,17) 630 STD(26,25:27,29) AVG(22,4:22,5) 724 862 233 660 SUM(35,18:36,18) 279 14 625 785 874 148 671 885 STD(29,12:29,13) 281 AVG(30,7:30,9) STD(31,2:32,4) AVG(28,14:31,14) 375 SUM(24,1:24,22) AVG(29,21:30,21) 659 AVG(10,12:12,12) 944 829
AVG(8,22:20,23) 317 AVG(7,22:24,22) SUM(26,4:26,26) 386 STD(23,8:27,8) 897 486 739 6 831 637 STD(1,25:1,26) 447 432 523 23 120 541 SUM(6,11:6,13) 175 565 393 375 303 840 774 735 SUM(8,2:8,7) 580
588 AVG(32,11:32,28) 700 866 797 531 434 949 123 201 289 199 647 337 STD(10,19:12,21) 371 134 131 455 160 868 409 275 SUM(33,26:35,26) SUM(22,9:22,12) 381 AVG(36,21:40,22) 93 332 536
STD(26,25:27,25) 909 19 SUM(13,3:13,13) 487 623 AVG(11,21:13,22) 82 AVG(17,17:18,18) AVG(34,22:38,22) 975 527 17 153 SUM(4,25:36,25) 371 SUM(27,1:28,1) 490 914 AVG(34,14:37,14) 928 223 240 AVG(33,19:40,19) 926 SUM(27,27:28,27) 468 884 25 422
656 631 SUM(22,1:24,13) STD(24,2:24,3) 942 291 798 485 STD(26,5:26,7) 419 STD(19,6:25,6) 411 136 710 993 AVG(28,18:37,20) 942 306 AVG(19,26:25,26) AVG(37,26:39,26) 385 STD(6,28:7,28) 296 426 930 549 891 393 134 599
53 988 STD(19,26:19,28) 351 809 958 613 807 788 SUM(10,27:10,29) 679 563 515 AVG(20,29:25,29) 151 402 467 687 201 5 54 551 467 416 196 AVG(16,12:21,13) 272 976 903 26
273 490 607 156 530 AVG(35,29:36,30) 884 220 280 AVG(11,16:12,17) 330 94 435 446 206 93 SUM(35,14:37,14) STD(13,8:19,8) SUM(30,12:30,28) SUM(36,23:37,23) 482 STD(28,21:28,25) AVG(13,27:13,28) 820 817 808 130 482 477 239
400 STD(19,1:21,2) 621 SUM(1,8:17,8) 722 STD(5,4:5,6) 771 220 828 947 AVG(5,3:6,3) 145 STD(24,20:29,20) 587 397 671 743 742 STD(10,7:10,8) 306 AVG(25,14:36,14) 406 STD(15,28:29,28) 544 203 382 586 SUM(14,9:17,9) 208 940
624 586 81 299 STD(22,7:22,8) 537 823 522 777 914 SUM(20,6:28,6) 983 131 AVG(22,25:24,27) 154 970 376 190 691 610 567 110 AVG(7,12:7,15) 427 112 612 SUM(26,15:26,17) 851 160 992
430 SUM(21,23:25,24) 434 937 854 782 95 626 374 180 802 AVG(21,17:21,22) 220 151 131 AVG(4,1:5,2) 369 AVG(36,18:38,25) STD(24,20:24,22) 143 536 282 135 974 558 682 704 560 661 640
617 898 60 482 STD(21,22:22,28) SUM(25,19:28,20) SUM(20,23:22,25) 705 17 348 108 537 839 653 229 475 139 553 234 AVG(11,15:12,16) STD(29,18:34,18) 501 273 741 590 947 STD(23,29:24,30) 617 107 667
341 841 950 593 653 848 506 21 STD(35,29:36,29) 10 SUM(4,15:4,16) 883 107 STD(17,26:18,26) STD(15,22:15,23) SUM(28,18:28,25) 392 27 AVG(23,8:27,8) 265 AVG(5,6:12,24) 775 883 884 709 AVG(26,14:26,15) 353 680 975 936
793 AVG(23,25:24,25) STD(22,27:37,29) 774 270 318 149 473 AVG(16,26:19,26) AVG(21,11:26,16) 92 310 AVG(25,8:25,10) 372 604 393 143 961 792 STD(39,23:39,24) 477 688 277 AVG(10,16:12,16) 312 STD(22,1:24,1) 376 967 874 597
43 128 AVG(35,10:36,20) 689 STD(24,8:27,8) 328 AVG(9,18:9,23) 805 879 STD(19,27:22,27) 605 STD(5,5:9,7) 860 238 434 SUM(22,27:24,27) AVG(25,15:29,16) 437 SUM(8,1:8,6) 984 585 992 893 486 565 AVG(19,18:20,18) 75 388 300 AVG(33,9:37,9)
702 643 717 556 416 316 409 5 174 50 841 79 240 214 858 22 98 864 372 500 311 486 737 SUM(25,5:25,13) 980 947 SUM(3,22:10,22) SUM(7,13:7,16) STD(14,12:14,25) 831
46 SUM(1,21:1,26) SUM(18,30:21,30) 940 692 402 700 110 STD(23,1:23,20) 158 316 586 815 AVG(5,27:6,27) STD(22,12:22,13) AVG(10,25:21,26) 590 846 365 975 944 628 22 SUM(8,8:26,8) 663 AVG(20,29:20,30) 323 AVG(1,17:1,19) 840 AVG(32,14:40,14)
447 375 378 STD(19,5:20,6) 653 79 AVG(10,7:22,20) 824 248 530 20 210 SUM(9,14:12,14) STD(27,14:28,14) STD(7,13:7,15) STD(26,8:27,10) 256 967 83 44 469 97 537 73 140 914 772 46 STD(7,23:7,25) 249
339 807 196 SUM(9,1:11,5) SUM(32,18:34,18) 250 615 471 13 AVG(8,7:8,10) STD(7,11:7,18) 825 STD(21,4:23,5) 930 STD(7,7:8,7) 929 AVG(1,18:2,18) 330 48 773 AVG(34,21:39,21) 223 734 539 495 982 56 800 AVG(29,15:30,15) 501
501 SUM(17,7:22,13) SUM(37,19:38,19) 301 993 AVG(36,15:36,21) STD(9,5:11,5) STD(24,1:34,1) 546 786 225 AVG(33,14:40,14) 265 102 871 STD(38,11:38,12) 377 385 312 478 703 SUM(13,19:15,19) 565 AVG(29,1:30,1) STD(6,8:8,16) 971 396 435 763 904
856 324 STD(32,27:33,27) 318 SUM(6,6:7,12) 768 598 15 551 532 92 867 855 543 AVG(5,20:13,20) 475 STD(12,2:12,11) 737 745 AVG(23,1:32,1) SUM(18,23:21,23) 36 966 STD(10,21:22,24) 462 441 SUM(16,28:23,30) 289 253 905
AVG(33,27:34,28) 633 123 990 762 482 AVG(14,26:34,26) AVG(24,1:34,1) 589 STD(5,5:5,7) 419 820 STD(17,30:22,30) AVG(17,10:18,10) 118 779 821 844 SUM(19,9:19,13) SUM(30,20:31,20) 636 560 304 SUM(29,23:29,29) STD(1,7:1,30) 355 336 AVG(33,19:34,23) 767 SUM(6,3:7,3)
504 241 SUM(1,16:1,17) AVG(37,1:38,2) 259 AVG(11,29:14,29) 30 STD(10,30:39,30) 323 STD(14,4:27,5) 15 18 617 921 558 AVG(7,16:11,19) STD(17,6:29,6) AVG(34,26:34,29) 634 404 723 251 322 959 643 390 STD(4,9:4,10) 380 568 141
907 477 391 STD(26,10:26,16) 436 917 603 STD(10,12:23,12) AVG(34,22:36,23) 328 157 208 24 980 284 STD(23,19:23,25) STD(30,18:35,19) AVG(23,27:24,28) 87 444 656 649 AVG(23,6:23,13) 92 335 558 170 AVG(3,30:8,30) SUM(23,11:23,13) 375
997 STD(26,13:29,17) 233 51 895 AVG(1,11:1,12) 641 607 AVG(24,27:24,30) 937 STD(7,13:10,13) AVG(27,4:28,4) 41 533 STD(29,11:38,14) 598 550 546 143 380 530 AVG(23,10:24,17) 169 420 SUM(10,20:14,21) 404 405 538 388 373
SUM(24,9:27,10) 609 322 AVG(32,15:33,17) 638 STD(3,23:4,25) STD(30,1:33,1) 892 529 SUM(25,4:31,7) 644 967 585 850 SUM(17,8:17,9) 852 956 761 604 564 AVG(6,19:6,21) 993 20 970 849 AVG(17,9:20,16) AVG(13,18:16,23) 589 744 715
