66655
79970
65937
85379
44204
97572
55255
77565
73367
60303
78304
97572
64811
93028
50670
67722
50036
73898
97572
73898
55255
63679
42810
70939
55631
79337
58446
39006
87843
49089
61114
73367
75438
87843
88752
79970
88752
60250
79970
45562
56524
60654
66795
40182
67722
51253
63679
49593
78304
54914
59498
78304
55978
35650
78304
66561
41912
88187
50814
36121
39823
79970
39794
78304
40281
71315
70885
70027
42306
95889
75357
66795
94279
71315
79970
78008
49304
60303
66561
50237
96153
88752
93028
50988
84960
49915
35065
51500
66230
55956
97572
97572
97572
71763
48116
67006
88187
63679
79337
58452
51986
51355
62540
84960
88752
52719
75357
70939
60250
78008
70939
51253
66230
68075
66795
37200
75357
35131
72823
71142
61930
67174
46684
75364
45039
51519
43982
61930
79337
78304
85379
58446
36262
61114
88752
66561
75364
71142
97572
97572
47402
55255
97572
97572
68075
60833
45824
79337
97572
45947
70474
79970
54229
50237
59210
47773
70474
39823
60833
46815
79337
85379
93028
71763
32412
93028
72310
65303
47402
43231
78008
45298
70939
72310
50237
79970
79337
65937
72310
97572
57528
95889
48353
65369
88752
75364
97572
55255
41718
71763
59766
72310
59766
71315
57528
88752
66655
79337
76749
89340
95889
85379
66561
79970
84960
96153
93028
93028
64811
78304
67722
66230
70027
60833
95889
79970
63679
58248
79337
93028
58452
79970
54510
57528
49915
78008
56524
35239
95889
93028
97572
79337
88187
39171
34216
93028
48116
78304
77565
78008
45039
46068
72310
72310
41576
39618
95889
76749
71142
66561
57765
78008
88187
97572
66795
88553
60833
39618
93028
70474
75438
58248
37696
56271
78008
70474
55631
39117
47951
51986
64811
57952
65369
54970
76749
71142
57952
72310
97572
47964
96153
54436
51986
72310
97572
97572
66655
71763
46046
66795
65369
55631
53075
43982
59766
70939
55978
37459
66655
67722
78304
88187
72823
60985
50036
89340
49304
43982
79337
50237
97572
51253
71142
67006
47703
57691
47402
79970
58452
72310
72310
54914
71763
95618
88187
58412
58412
66230
48033
56823
70474
63763
45562
68075
59210
66655
55631
51355
53075
65303
88752
51253
97572
57691
71315
71763
42810
59210
95889
65303
57528
76749
70027
67006
75438
40182
88187
78008
38582
95889
93028
78008
40316
71763
93028
48266
46894
77565
59210
56629
88187
58446
61930
79970
66561
55124
97572
75357
70474
78304
50237
50021
45039
79970
39794
88187
65369
97572
50036
70474
95889
96153
71763
65937
75357
88187
59210
47951
88752
67722
59210
94279
79337
84960
66795
73367
95889
49915
95889
60654
43168
66795
70885
66230
67006
39823
71763
95889
85379
39823
33159
78008
93028
71315
70474
97572
71763
78304
87299
96153
88187
95618
41576
75364
88187
60654
63763
79337
93028
65303
58248
63679
72310
97572
59498
78008
71763
75664
93028
45562
71142
94279
65303
71763
93028
65303
73898
48353
63763
54177
84960
35987
49915
56271
75357
56524
65616
65303
58452
63679
73898
88553
51500
45824
88752
88752
76749
97572
87843
85379
78304
51253
87843
54914
56524
66561
93028
97572
70254
61930
63679
55124
59210
51253
78008
65303
78304
97572
71142
50338
95618
51830
79337
43116
94279
48116
59210
71763
78008
95889
78304
78008
67006
97572
97572
72310
39402
75664
71763
45039
60654
72823
94279
51253
72310
97572
51986
76749
60250
97572
78304
79337
56117
60833
84960
75438
47946
51830
72823
42304
59210
70939
76749
35810
85450
94279
72310
59210
87843
53921
54914
75438
97572
59210
55255
70027
88187
63250
57003
97572
60833
66795
71142
87843
88752
93028
70027
75438
93028
58452
59766
47402
70474
88752
85450
49304
78304
76749
88553
36121
45824
79337
97572
57528
66561
50036
67006
58248
44588
37873
39006
85379
94279
78304
59498
93028
65369
79337
79970
66795
44783
57528
65303
79970
70474
72310
65303
75438
55255
54902
45298
54510
93028
70027
54510
85379
55255
70939
93028
66561
55631
53075
71763
93028
88752
75438
97572
67722
70474
79337
57528
65303
85450
78304
37696
63763
93028
55255
72823
60654
57528
93028
85379
78304
63763
56823
72310
77565
94279
55631
43982
79337
89340
54816
95889
42634
75357
70474
53257
65369
88187
55255
65303
47402
75357
75364
47402
78008
95889
97572
93028
50814
66561
93028
84960
93028
88187
47964
71315
78304
51355
60985
43881
49593
70254
88752
84960
50237
56279
97572
50036
60985
95889
67006
60303
93028
48133
88752
71315
58452
41576
56629
72823
88752
72310
51253
79970
68075
47308
59766
95889
59210
79970
76749
88187
65937
75357
57528
66230
66795
85379
39823
49915
55255
65937
71315
97572
58452
85450
75364
72310
58248
47951
66655
88752
93028
36860
95889
85379
75438
45298
67174
44696
61114
64811
66655
70027
79337
85450
50814
65303
85379
56629
71763
85379
47308
60250
59766
42306
58248
66655
57003
70939
95889
73898
33139
57528
70027
35987
87843
76749
56823
45947
75357
35987
63763
72310
76749
95889
55631
49915
59498
71763
71142
66655
43982
48033
78304
85450
65303
52060
78008
60303
88187
53257
93028
85379
76749
72310
79970
66795
93028
88553
65303
45039
78008
79337
51253
59498
70939
78304
63763
67722
46535
60833
58248
73898
96153
54970
63763
95889
66561
59498
56140
75364
85450
85450
71763
48133
45039
54436
75438
97572
71315
84960
46684
66655
78008
65303
47951
88553
60303
47703
70885
70885
60250
51519
77565
96153
58452
41398
95889
97572
89340
88752
44643
57003
95889
75438
63763
97572
67174
71763
65369
46264
78008
71763
45387
85450
88752
51986
85379
79337
72310
71763
88752
88752
40455
71315
66795
60985
63679
75438
95889
72310
70474
60654
78304
65369
66795
66230
57528
42634
54914
72823
79337
65937
45298
58446
85450
75357
71315
52060
78008
93028
71763
65369
55255
97572
78008
63679
88752
67174
97572
93028
55255
88187
41684
50338
95889
51519
57528
95889
78008
95889
55631
97572
63679
33184
63763
77565
76749
60985
50988
79337
88187
78304
75357
59210
59766
96153
53285
72823
79337
79970
70939
60303
95889
95889
45039
46736
88752
95889
71763
71763
88752
73898
73898
79337
76749
66230
95889
72310
48116
59210
97572
39522
65616
46815
55124
39794
64811
56524
59766
85379
65616
42810
59522
88187
85450
57528
72823
85450
71142
60654
35987
75357
45264
45298
79337
41718
60985
93028
95889
75357
59498
97572
66655
55631
65303
