1998 9996
10 6
12 20
12 2
14 8
15 2
25 6
27 15
30 3
30 2
39 20
39 19
43 10
49 20
51 7
51 5
72 18
73 16
75 18
79 18
82 3
90 19
90 14
100 13
105 8
113 17
119 6
124 3
126 10
128 9
134 15
140 11
152 16
154 12
154 17
159 14
162 7
166 13
176 11
180 20
180 6
180 13
183 14
187 8
188 10
193 19
198 17
212 15
221 15
244 8
245 1
247 4
249 4
250 12
255 17
274 16
283 14
287 2
288 2
293 10
300 16
301 2
301 12
302 19
305 11
307 1
309 10
338 7
341 18
345 3
361 8
362 9
362 14
363 4
373 8
388 5
393 11
394 18
401 19
407 16
426 12
427 4
442 8
449 10
454 5
454 20
457 9
462 10
471 19
472 14
477 10
477 17
479 18
479 8
487 16
495 19
498 17
501 7
511 15
513 3
515 5
524 14
530 18
531 13
533 6
536 18
539 14
542 18
543 19
545 10
549 18
549 14
551 12
570 8
576 3
578 20
579 6
587 4
590 4
594 1
605 1
606 7
608 10
619 4
619 16
620 5
626 5
642 10
646 12
651 17
655 4
655 19
664 5
669 12
669 19
671 2
676 6
683 5
685 20
689 19
691 3
703 1
715 8
718 16
738 5
742 20
743 14
746 10
749 8
758 17
759 16
768 12
778 11
779 12
792 18
796 15
806 15
808 10
810 5
814 14
842 15
844 11
856 17
859 15
862 16
862 10
864 13
865 10
868 1
869 16
872 14
872 1
876 19
877 13
880 19
881 9
882 14
884 11
888 1
890 8
912 9
912 1
920 11
929 14
933 17
933 9
942 18
944 11
946 17
946 20
951 2
951 1
954 2
966 17
969 10
972 19
975 3
987 1
987 10
988 7
1007 13
1013 3
1016 20
1024 18
1031 15
1045 8
1062 13
1064 19
1071 7
1079 11
1086 4
1090 15
1092 6
1093 17
1094 11
1102 9
1102 14
1104 2
1115 18
1116 2
1118 7
1120 13
1123 6
1126 9
1130 8
1131 15
1143 7
1146 19
1155 18
1160 15
1160 20
1162 16
1162 13
1163 2
1164 2
1168 7
1168 8
1171 3
1172 8
1178 12
1191 19
1200 7
1205 3
1207 5
1221 11
1222 6
1228 18
1232 7
1232 4
1241 15
1246 6
1249 9
1253 9
1262 14
1276 7
1277 17
1280 19
1281 9
1287 16
1289 3
1292 14
1296 13
1303 5
1306 4
1309 12
1311 13
1312 20
1313 8
1320 20
1320 19
1321 10
1324 14
1333 16
1335 3
1335 2
1339 15
1342 5
1357 10
1357 2
1357 14
1360 2
1364 20
1364 18
1365 20
1371 20
1372 12
1373 7
1375 12
1382 10
1383 6
1401 9
1402 3
1421 5
1421 8
1438 3
1447 13
1451 8
1455 20
1456 2
1461 1
1462 4
1468 2
1469 5
1475 20
1480 5
1484 3
1485 1
1486 17
1487 18
1488 14
1493 17
1509 13
1517 4
1517 17
1522 18
1522 19
1526 14
1529 9
1530 16
1541 12
1542 9
1550 20
1553 18
1559 11
1575 20
1582 2
1592 8
1595 1
1596 4
1597 10
1602 12
1612 6
1616 16
1617 5
1618 3
1621 5
1637 18
1646 7
1666 4
1666 19
1670 19
1676 15
1682 9
1703 11
1703 17
1708 17
1715 10
1716 14
1717 4
1718 11
1722 4
1725 20
1726 19
1729 10
1734 3
1746 4
1748 15
1754 8
1760 18
1766 18
1771 16
1780 17
1781 6
1784 11
1785 1
1785 9
1787 2
1792 15
1810 6
1811 19
1812 3
1849 1
1849 4
1850 7
1851 4
1853 10
1854 15
1865 10
1868 14
1886 17
1890 18
1895 4
1897 5
1906 15
1907 18
1910 20
1916 12
1917 4
1917 10
1924 11
1930 7
1931 7
1940 19
1943 20
1945 20
1946 4
1950 17
1953 20
1958 16
1958 12
1961 11
1963 3
1965 14
1966 19
1969 2
1974 12
1975 8
1979 5
1982 17
1986 19
1987 2
1987 12
1988 5
1990 9
2009 5
2010 11
2012 17
2012 14
2018 13
2018 20
2020 10
2025 5
2031 13
2034 19
2034 19
2035 19
2037 18
2040 5
2041 9
2047 7
2049 15
2062 10
2065 4
2067 18
2073 9
2074 17
2075 3
2076 16
2083 19
2086 3
2088 7
2088 20
2091 14
2096 3
2097 3
2097 11
2098 6
2115 14
2116 16
2117 4
2122 14
2128 20
2132 5
2138 4
2139 10
2141 20
2151 7
2158 2
2159 4
2161 19
2163 5
2171 7
2174 1
2176 16
2177 4
2180 14
2196 16
2196 15
2199 4
2200 20
2204 7
2205 10
2206 4
2207 9
2210 14
2210 7
2212 1
2228 12
2233 6
2239 2
2240 14
2246 6
2261 15
2263 4
2275 16
2277 14
2280 8
2283 13
2284 3
2286 13
2289 6
2293 4
2295 2
2303 2
2309 8
2311 9
2317 5
2317 10
2347 7
2355 10
2355 5
2357 5
2360 18
2371 20
2372 6
2386 14
2401 6
2425 10
2443 7
2447 5
2447 11
2455 14
2456 5
2461 20
2468 16
2470 8
2486 11
2486 16
2486 1
2495 13
2496 14
2502 12
2507 12
2508 1
2508 18
2511 10
2513 18
2514 3
2518 2
2520 18
2533 10
2543 16
2544 3
2546 13
2553 14
2554 11
2560 20
2573 3
2583 6
2583 5
2585 9
2585 7
2590 11
2590 17
2590 4
2590 1
2599 13
2613 12
2614 11
2617 11
2619 15
2619 6
2623 6
2624 6
2625 6
2636 6
2637 2
2642 1
2643 13
2644 13
2649 7
2650 2
2658 13
2664 10
2665 20
2666 5
2666 5
2667 18
2678 9
2686 19
2695 14
2696 12
2698 8
2704 16
2710 12
2718 1
2719 7
2734 7
2736 6
2741 16
2742 2
2754 1
2755 20
2763 14
2770 2
2772 13
2774 8
2775 19
2797 10
2804 20
2814 15
2821 10
2822 11
2827 6
2830 4
2836 16
2837 17
2840 2
2841 9
2845 20
2852 19
2857 20
2860 14
2861 19
2863 2
2866 13
2866 20
2867 4
2869 1
2874 5
2898 7
2900 4
2906 5
2908 15
2909 10
2912 11
2915 6
2917 12
2953 2
2955 8
2962 3
2963 4
2964 10
2970 8
2973 4
2986 2
2993 15
2995 18
2996 6
2997 14
2999 4
3008 3
3009 9
3011 9
3013 18
3015 6
3015 16
3018 11
3022 13
3024 20
3029 20
3032 19
3034 8
3044 9
3056 12
3059 6
3066 7
3067 12
3072 17
3079 19
3082 20
3086 9
3087 3
3091 3
3095 20
3098 17
3109 5
3114 5
3119 10
3125 20
3129 8
3136 18
3139 16
3145 9
3173 3
3176 14
3180 6
3188 17
3193 14
3196 8
3199 17
3199 20
3201 3
3214 1
3214 17
3223 1
3224 16
3225 8
3226 17
3233 8
3237 1
3240 2
3250 13
3262 6
3266 3
3284 14
3288 15
3290 15
3293 10
3293 5
3321 13
3322 10
3323 13
3326 11
3339 11
3369 8
3376 4
3382 11
3390 6
3394 20
3406 17
3408 2
3410 14
3411 7
3412 13
3437 19
3444 14
3449 13
3456 3
3465 10
3469 18
3474 1
3474 17
3489 13
3497 11
3497 15
3506 15
3510 6
3513 1
3519 13
3520 18
3524 5
3525 16
3526 20
3529 18
3534 15
3536 11
3541 19
3541 2
3547 4
3554 18
3556 3
3557 19
3562 11
3566 14
3569 3
3573 4
3577 5
3581 15
3588 9
3594 2
3599 9
3600 4
3607 1
3607 1
3612 4
3621 1
3630 13
3631 20
3639 9
3640 4
3644 6
3649 15
3652 1
3658 7
3660 18
3662 19
3663 16
3664 14
3672 17
3674 16
3678 9
3684 6
3686 3
3695 5
3704 4
3709 2
3711 3
3712 3
3716 6
3720 4
3720 17
3726 13
3730 15
3740 5
3741 2
3742 20
3748 7
3752 15
3753 10
3760 8
3764 8
3777 10
3778 8
3779 4
3780 5
3786 14
3794 17
3795 16
3800 12
3804 5
3805 16
3824 14
3844 13
3846 6
3852 2
3855 7
3857 18
3875 3
3883 18
3888 6
3897 4
3898 17
3907 5
3915 13
3918 6
3922 11
3923 3
3928 12
3933 9
3936 9
3936 19
3953 8
3959 8
3959 9
3969 17
3970 13
3982 1
3985 5
3989 19
3990 18
3993 12
3993 9
4001 18
4009 19
4013 18
4020 18
4020 5
4020 10
4022 15
4026 15
4026 18
4026 8
4033 18
4046 14
4047 17
4050 4
4055 4
4056 12
4063 7
4067 20
4068 12
4069 11
4073 4
4083 16
4094 15
4100 7
4133 11
4134 1
4140 17
4142 4
4145 13
4147 19
4155 9
4155 8
4165 13
4167 13
4170 11
4174 18
4178 4
4181 12
4185 8
4188 16
4198 9
4203 7
4205 8
4218 3
4220 9
4222 15
4226 2
4238 6
4239 16
4240 3
4245 7
4254 13
4263 1
4272 20
4281 19
4283 18
4285 13
4293 6
4297 16
4304 11
4307 11
4308 4
4309 1
4324 8
4330 12
4331 3
4334 20
4344 14
4346 15
4348 10
4354 6
4355 20
4360 13
4360 10
4366 14
4372 16
4373 13
4373 2
4385 5
4392 19
4398 5
4405 11
4407 14
4409 15
4410 10
4411 9
4412 14
4418 8
4419 10
4433 3
4435 16
4442 10
4442 1
4449 13
4454 13
4457 15
4461 10
4464 1
4465 1
4466 10
4467 2
4469 8
4469 11
4469 1
4479 1
4481 17
4489 20
4490 13
4504 18
4509 14
4516 7
4518 17
4523 1
4524 7
4527 1
4528 5
4529 15
4529 13
4533 13
4533 19
4543 16
4545 4
4551 16
4554 1
4562 19
4569 15
4571 18
4573 7
4581 13
4583 10
4587 18
4594 6
4610 13
4610 7
4611 16
4620 5
4626 20
4629 11
4631 6
4634 6
4635 2
4644 1
4646 17
4647 2
4655 10
4673 15
4683 12
4692 7
4695 20
4697 13
4706 13
4709 13
4710 14
4717 12
4718 20
4721 20
4724 9
4732 12
4735 10
4735 10
4738 20
4740 8
4744 7
4748 18
4749 8
4753 1
4754 10
4755 10
4756 12
4756 6
4759 11
4768 19
4770 14
4775 16
4775 8
4777 16
4779 14
4786 6
4801 11
4801 5
4807 9
4807 5
4807 16
4812 16
4816 3
4818 17
4819 20
4823 6
4825 11
4835 5
4843 14
4844 14
4849 6
4858 2
4864 12
4865 14
4865 20
4866 3
4867 7
4867 18
4873 11
4878 5
4883 5
4888 15
4893 6
4898 11
4900 2
4901 5
4911 15
4919 6
4920 5
4931 11
4931 3
4931 6
4935 7
4949 10
4959 5
4965 2
4966 16
4970 9
4979 13
4984 18
4988 19
4989 17
4996 1
4997 12
5000 20
5020 18
5024 3
5029 13
5030 5
5032 11
5037 11
5039 12
5046 7
5048 8
5050 18
5060 10
5063 12
5069 3
5069 4
5075 2
5081 16
5084 1
5085 12
5087 2
5092 19
5103 1
5106 2
5109 14
5112 12
5114 20
5140 20
5140 12
5149 11
5150 13
5153 15
5153 1
5154 13
5160 10
5170 6
5173 16
5182 10
5184 19
5185 3
5185 18
5188 13
5189 5
5189 2
5193 18
5213 7
5215 12
5215 20
5219 6
5222 11
5227 19
5229 9
5234 2
5235 10
5239 7
5244 12
5247 3
5250 8
5262 7
5264 2
5270 13
5271 12
5285 20
5302 18
5307 7
5308 2
5312 2
5315 13
5322 6
5325 15
5327 12
5332 2
5349 17
5350 7
5351 14
5356 18
5358 17
5364 5
5371 14
5376 17
5377 1
5380 18
5391 1
5394 14
5397 2
5397 17
5406 6
5409 6
5411 16
5415 19
5423 2
5440 16
5443 10
5447 20
5450 12
5452 1
5467 9
5470 7
5474 6
5477 20
5484 8
5488 5
5493 12
5504 18
5510 16
5515 1
5521 7
5525 18
5527 8
5535 12
5543 15
5544 17
5548 1
5551 13
5559 3
5562 15
5573 11
5575 9
5579 16
5581 19
5588 9
5590 15
5591 1
5591 14
5595 7
5598 20
5599 7
5606 3
5619 11
5619 20
5619 14
5623 19
5624 14
5631 18
5654 17
5665 17
5668 19
5676 15
5688 16
5693 14
5700 7
5706 10
5722 9
5723 2
5724 13
5724 4
5741 1
5743 20
5752 15
5756 12
5765 11
5769 5
5776 17
5777 3
5781 4
5785 20
5791 17
5792 1
5802 7
5802 6
5805 20
5806 13
5809 14
5810 10
5817 16
5818 11
5819 5
5820 13
5820 13
5821 9
5831 9
5832 7
5833 19
5837 12
5848 6
5858 19
5875 13
5878 15
5880 19
5885 17
5886 19
5886 12
5891 1
5895 10
5898 6
5901 3
5909 15
5912 18
5912 2
5918 9
5924 18
5932 4
5932 14
5936 14
5952 14
5952 17
5954 19
5955 1
5956 18
5958 5
5963 12
5964 6
5964 10
5967 19
5967 18
5970 15
5976 16
5990 15
5992 16
5997 5
6000 17
6004 18
6005 19
6009 3
6012 4
6014 16
6015 11
6017 3
6020 10
6026 12
6032 11
6033 9
6035 6
6041 11
6056 4
6057 10
6057 18
6063 12
6065 17
6066 14
6073 2
6073 16
6082 15
6088 4
6089 7
6100 7
6102 9
6107 9
6120 9
6124 16
6126 8
6132 16
6134 15
6138 19
6140 8
6145 2
6149 18
6153 6
6154 4
6155 11
6157 17
6160 10
6164 16
6167 18
6170 5
6170 14
6171 1
6177 3
6178 10
6189 12
6189 3
6195 3
6197 19
6197 20
6203 10
6204 14
6206 20
6225 7
6229 20
6237 3
6238 3
6238 16
6248 12
6257 19
6265 13
6267 17
6269 8
6277 2
6277 5
6279 11
6280 16
6280 7
6284 12
6289 4
6290 14
6295 10
6296 9
6311 4
6312 7
6313 8
6336 10
6349 11
6352 13
6364 1
6370 7
6373 20
6376 16
6378 12
6379 13
6385 15
6388 16
6391 18
6410 12
6410 5
6419 12
6424 14
6432 19
6432 18
6441 8
6441 13
6442 19
6445 17
6452 1
6465 6
6472 11
6477 7
6491 11
6493 2
6494 20
6498 7
6499 9
6499 1
6505 14
6507 14
6513 12
6515 10
6522 20
6530 11
6531 11
6542 18
6543 18
6556 15
6559 11
6567 12
6575 2
6579 6
6580 11
6584 13
6585 1
6592 15
6595 12
6599 8
6603 6
6615 10
6628 2
6637 18
6642 6
6643 5
6649 4
6657 7
6666 20
6675 14
6677 3
6682 6
6684 14
6692 5
6700 14
6706 8
6707 4
6712 15
6727 18
6730 16
6749 19
6751 19
6755 18
6760 14
6764 3
6765 14
6767 19
6767 8
6769 7
6771 16
6778 5
6782 4
6785 16
6788 16
6798 7
6799 14
6801 17
6805 19
6807 9
6815 3
6819 19
6823 8
6828 16
6828 15
6829 10
6837 16
6847 4
6851 1
6859 5
6868 2
6873 4
6874 10
6878 12
6894 15
6898 17
6901 13
6904 8
6909 7
6911 7
6911 15
6922 5
6926 17
6928 5
6929 11
6929 6
6942 14
6950 19
6951 14
6954 4
6956 17
6960 10
6968 4
6969 11
6970 19
6973 18
6992 20
6993 14
6999 19
7002 2
7005 10
7014 1
7019 2
7020 3
7021 11
7036 9
7040 4
7050 1
7056 7
7064 14
7065 8
7068 11
7073 10
7082 3
7083 14
7091 9
7095 18
7104 1
7110 7
7111 12
7112 14
7114 19
7115 19
7123 4
7123 8
7128 18
7130 5
7133 8
7134 16
7145 6
7145 14
7147 13
7154 20
7167 2
7167 18
7177 14
7179 9
7180 14
7183 16
7186 4
7196 6
7198 15
7204 20
7204 18
7205 16
7206 1
7207 7
7208 1
7225 6
7228 19
7243 5
7245 9
7247 10
7259 2
7260 13
7264 9
7264 20
7268 10
7278 16
7279 10
7281 5
7285 14
7287 13
7289 19
7291 13
7309 2
7316 1
7317 9
7329 3
7342 19
7346 12
7348 15
7350 4
7356 17
7367 9
7371 2
7372 15
7391 15
7396 4
7398 17
7407 9
7408 14
7415 3
7424 18
7425 2
7436 1
7438 3
7447 10
7450 13
7453 5
7462 11
7472 3
7477 18
7484 2
7488 12
7493 9
7494 10
7500 15
7517 13
7527 11
7532 13
7548 16
7554 20
7564 14
7581 2
7584 14
7595 1
7598 6
7600 18
7609 9
7611 17
7615 10
7633 9
7638 16
7639 16
7640 2
7643 17
7649 12
7660 5
7668 15
7670 9
7677 13
7683 13
7685 17
7689 11
7693 14
7693 16
7695 7
7700 20
7703 19
7718 20
7718 18
7724 19
7725 1
7729 4
7730 6
7732 13
7739 12
7751 6
7760 9
7774 13
7784 11
7785 11
7787 14
7791 12
7797 19
7798 2
7802 11
7803 17
7806 11
7814 16
7818 1
7826 17
7826 16
7829 4
7831 3
7849 16
7850 10
7873 11
7878 2
7884 1
7885 4
7891 4
7908 9
7912 5
7913 2
7923 4
7927 5
7931 15
7935 5
7938 11
7947 1
7950 16
7951 5
7954 20
7955 6
7956 15
7960 9
7996 15
7997 20
8003 9
8005 6
8021 14
8027 10
8031 6
8033 20
8034 18
8040 1
8054 17
8061 10
8063 14
8066 20
8067 10
8067 20
8071 8
8073 16
8088 3
8098 7
8100 12
8101 12
8120 5
8121 3
8143 7
8144 5
8153 7
8160 11
8171 5
8185 14
8193 7
8206 16
8207 9
8209 17
8212 17
8215 5
8216 12
8217 19
8219 18
8225 3
8225 17
8227 2
8230 2
8232 10
8257 17
8268 6
8286 4
8290 13
8296 15
8298 14
8316 20
8321 8
8322 12
8323 7
8328 16
8330 16
8330 12
8332 17
8333 10
8350 13
8358 2
8359 19
8371 18
8379 14
8379 11
8380 1
8384 9
8391 16
8399 6
8399 20
8425 14
8427 11
8429 16
8436 8
8437 19
8447 2
8460 8
8465 20
8467 13
8471 9
8482 11
8488 9
8493 14
8493 1
8497 8
8499 14
8508 18
8515 18
8524 4
8525 16
8529 8
8531 7
8540 19
8542 7
8543 17
8552 9
8558 12
8564 6
8564 13
8565 15
8582 8
8593 18
8607 19
8610 14
8615 2
8619 18
8620 7
8621 6
8621 11
8654 7
8657 3
8662 18
8675 3
8681 16
8693 12
8699 18
8704 13
8704 18
8713 8
8741 7
8743 17
8743 4
8747 15
8755 13
8755 12
8766 11
8782 5
8791 7
8798 10
8799 11
8809 5
8813 2
8814 6
8817 11
8820 11
8833 10
8840 9
8846 4
8846 8
8857 2
8866 14
8876 1
8889 16
8892 14
8894 18
8895 7
8900 2
8906 3
8916 17
8922 1
8927 15
8928 9
8940 2
8941 8
8943 14
8947 15
8948 5
8951 19
8956 12
8956 18
8981 15
8983 3
8985 13
8987 9
8991 4
8992 4
8997 4
9004 17
9018 11
9033 1
9034 13
9040 14
9042 13
9061 19
9072 5
9073 11
9074 18
9076 17
9081 8
9090 8
9093 17
9102 12
9106 9
9117 6
9121 18
9122 20
9125 13
9126 5
9128 10
9129 12
9136 7
9146 20
9148 5
9155 8
9157 8
9158 8
9159 18
9162 5
9162 16
9165 1
9167 10
9170 19
9180 2
9187 18
9189 20
9198 13
9208 3
9210 11
9224 1
9228 16
9228 18
9229 17
9234 13
9236 19
9240 16
9242 8
9243 7
9246 15
9247 16
9249 7
9257 12
9281 8
9282 19
9285 15
9288 7
9307 5
9308 8
9310 19
9310 20
9311 11
9320 16
9332 20
9332 1
9335 9
9341 7
9347 14
9355 20
9364 7
9368 4
9370 12
9393 13
9397 19
9397 4
9401 2
9412 1
9418 7
9421 10
9428 1
9434 4
9450 3
9462 11
9465 1
9468 5
9476 4
9480 6
9482 13
9488 16
9488 2
9510 4
9517 18
9520 7
9542 16
9542 1
9544 20
9549 11
9556 18
9558 4
9572 6
9575 15
9575 18
9579 5
9582 16
9582 5
9597 18
9597 10
9611 19
9618 9
9618 14
9622 20
9623 15
9625 16
9634 19
9638 10
9639 7
9640 18
9646 12
9646 14
9655 8
9655 18
9660 6
9666 4
9678 9
9680 17
9680 1
9685 1
9689 3
9692 14
9698 20
9709 9
9713 14
9717 10
9720 16
9725 15
9725 9
9727 16
9729 20
9738 7
9741 12
9746 13
9746 1
9754 7
9766 20
9774 13
9783 11
9785 4
9786 1
9788 11
9790 9
9794 9
9802 14
9802 16
9807 19
9808 16
9831 8
9831 3
9841 10
9847 13
9848 3
9854 17
9861 10
9865 9
9873 10
9885 9
9886 2
9888 20
9889 1
9897 4
9903 3
9904 1
9909 9
9915 13
9918 16
9920 5
9923 6
9927 9
9963 14
9969 11
9971 19
9983 16
9985 13
9987 8
9996 1
