40 50
SUM(17,12:39,20) STD(11,6:16,7) 886 715 1000 741 242 506 221 STD(13,18:14,23) AVG(23,10:25,10) 513 784 SUM(19,43:19,49) 264 512 995 856 165 858 433 SUM(19,43:34,43) 982 986 672 856 34 160 471 STD(10,32:10,33) 918 986 67 AVG(3,44:8,48) 752 568 412 529 586 36 821 977 124 488 145 815 121 745 890 STD(4,24:9,24)
195 425 556 667 148 648 SUM(16,28:16,35) 212 AVG(26,41:28,41) SUM(40,36:40,43) 732 STD(5,32:31,32) 597 96 AVG(30,9:30,31) 193 155 908 331 775 95 498 516 627 644 812 AVG(29,11:30,21) 594 947 218 171 SUM(9,46:14,46) 257 120 STD(34,22:40,22) 248 420 434 731 649 69 981 40 SUM(29,2:31,5) 307 771 315 786 527 934
195 220 413 539 282 737 193 651 749 900 799 667 738 865 241 388 511 619 384 414 AVG(3,18:8,18) 353 793 686 SUM(28,4:28,6) 897 407 625 SUM(39,43:39,47) 637 842 895 421 883 921 338 STD(18,49:19,50) 306 637 691 SUM(7,17:8,19) 159 AVG(13,16:13,25) 866 606 831 358 716 570 STD(36,4:38,5)
300 STD(21,2:28,31) 94 SUM(2,22:4,22) 420 640 129 626 389 515 271 496 605 211 352 STD(32,30:32,44) 266 128 138 856 723 704 891 621 601 389 660 AVG(1,5:2,5) 586 SUM(22,1:32,34) 763 SUM(16,36:16,41) 147 SUM(16,24:17,24) 298 248 87 SUM(25,36:25,37) 505 STD(27,28:27,29) 135 887 234 121 STD(3,37:5,39) SUM(7,41:9,41) 847 80 STD(21,7:22,12) STD(12,37:14,38)
SUM(19,48:20,49) 12 762 651 STD(18,9:19,10) 993 198 870 629 485 462 468 AVG(2,4:3,5) 480 277 567 AVG(35,17:40,17) 917 491 282 SUM(21,19:21,25) SUM(27,11:31,11) STD(9,15:10,17) 886 272 898 AVG(29,26:29,42) 926 907 SUM(7,5:26,5) 455 609 52 547 667 829 762 266 AVG(35,4:36,6) 811 579 AVG(15,13:16,13) AVG(27,41:28,41) 464 575 248 408 301 610 273
779 686 709 433 AVG(29,3:29,7) STD(38,26:39,27) AVG(5,23:22,23) 985 339 894 AVG(31,29:31,33) 974 SUM(38,7:39,7) 302 76 725 467 676 995 620 430 SUM(8,8:10,30) 643 910 990 4 AVG(12,36:12,37) SUM(7,47:8,47) 747 169 862 766 160 683 AVG(33,3:37,5) 273 AVG(6,18:6,21) 144 323 AVG(9,13:11,13) AVG(16,24:17,29) 873 539 348 AVG(20,5:21,5) 536 STD(7,47:9,50) 717 513 146
863 AVG(13,39:24,39) 676 476 860 595 391 AVG(37,1:40,3) 381 STD(5,47:10,48) STD(35,27:38,27) 388 251 746 280 SUM(30,19:30,48) 580 741 199 908 654 AVG(2,46:2,47) 767 355 886 428 710 SUM(2,26:2,41) 272 SUM(23,28:24,43) 250 692 419 STD(32,13:36,13) 123 366 835 217 339 661 795 795 937 601 249 546 157 STD(10,42:14,42) 884 357
899 STD(6,10:6,11) 727 488 SUM(4,6:15,7) 403 426 874 AVG(17,9:24,10) 767 STD(38,29:38,30) STD(3,20:8,20) 297 805 315 226 127 787 327 382 SUM(24,37:38,37) STD(9,19:10,23) STD(31,24:32,24) 531 830 SUM(17,2:17,4) 338 173 AVG(3,15:3,21) 869 SUM(24,45:24,49) 139 84 432 130 SUM(10,21:13,23) SUM(38,26:40,26) SUM(28,24:30,26) 853 832 75 SUM(10,17:10,20) 621 703 400 288 535 518 665 855
STD(7,32:9,34) AVG(7,7:8,8) 240 606 669 257 444 42 958 739 627 STD(20,27:25,28) 916 133 91 536 617 568 893 SUM(15,3:15,23) 422 SUM(33,8:33,11) 468 528 960 SUM(11,38:30,42) 981 892 857 986 694 735 251 546 50 233 514 SUM(19,32:19,33) 908 63 472 949 738 608 402 520 872 SUM(35,48:35,50) 718 STD(9,29:13,29)
348 672 255 SUM(32,36:32,37) 261 85 976 240 977 475 139 997 171 190 490 STD(25,33:25,41) 136 18 987 507 639 336 363 STD(9,29:10,36) AVG(34,29:34,33) SUM(3,6:5,17) 945 362 SUM(19,47:21,49) SUM(26,17:27,17) 886 532 SUM(13,41:13,44) 432 379 579 519 163 STD(11,6:19,14) 405 AVG(14,21:16,21) 454 SUM(4,19:4,20) 666 405 980 AVG(25,37:27,37) 996 AVG(25,41:25,49) SUM(13,41:13,42)
327 597 AVG(29,26:30,30) 193 982 539 68 STD(35,19:35,20) 625 315 STD(32,27:33,27) 71 663 270 414 SUM(23,30:31,31) 74 262 563 306 619 14 383 947 157 SUM(34,47:35,49) 434 148 SUM(29,24:31,24) AVG(36,35:36,42) STD(13,11:17,42) AVG(21,13:29,13) 411 265 708 990 507 461 AVG(19,7:19,11) STD(21,40:29,41) 611 666 AVG(9,18:10,19) 938 473 656 988 AVG(24,13:25,15) SUM(34,34:34,41) 877
373 STD(18,40:34,40) AVG(13,38:13,46) 715 54 988 581 584 598 STD(8,13:10,14) SUM(28,17:33,17) SUM(23,38:34,40) STD(28,32:34,32) SUM(20,6:22,8) 338 STD(3,38:5,45) 150 35 183 575 389 586 702 311 296 903 944 769 53 743 95 566 83 976 616 823 817 867 136 600 AVG(19,44:19,49) 39 343 472 823 831 SUM(35,18:37,18) 757 963 141
632 890 101 676 197 AVG(12,18:14,20) 156 982 973 183 559 86 171 873 536 654 795 107 882 113 386 AVG(17,18:19,18) 975 500 267 SUM(16,28:24,28) 767 621 AVG(30,15:30,18) 480 965 743 21 450 AVG(21,34:38,35) 97 307 955 260 510 374 162 374 STD(5,9:7,9) 37 395 765 754 456 371
169 699 340 SUM(13,19:28,37) 307 283 824 848 AVG(35,15:39,18) SUM(18,6:26,11) 689 SUM(29,26:29,27) STD(25,3:31,4) 423 563 665 877 674 10 119 514 213 163 STD(29,26:30,26) AVG(35,22:37,22) STD(15,1:20,3) AVG(25,10:36,13) 144 160 628 STD(22,9:34,14) 994 605 564 924 36 7 644 74 SUM(4,38:8,48) 221 784 677 461 509 836 SUM(8,43:8,45) 318 156 636
618 250 996 503 377 SUM(4,36:5,38) 533 567 410 189 763 AVG(15,30:17,34) 99 44 736 875 500 429 300 912 451 330 359 STD(13,1:14,1) AVG(2,34:4,44) 153 514 588 320 314 556 41 113 775 SUM(40,38:40,49) 734 AVG(35,39:38,39) 796 SUM(19,3:20,10) 899 349 STD(14,16:16,18) 245 34 1000 97 SUM(19,37:19,46) SUM(20,2:22,6) 365 STD(28,9:35,24)
993 901 922 24 24 757 98 139 136 107 408 STD(19,36:20,46) 268 443 429 SUM(3,26:3,47) 541 493 AVG(22,2:23,4) 643 729 679 158 STD(18,47:20,47) STD(34,37:34,40) 172 550 654 752 224 284 7 865 856 722 59 128 876 494 519 SUM(28,32:29,32) 919 STD(19,34:19,47) AVG(17,5:23,5) 833 663 747 132 511 782
60 392 SUM(31,36:34,37) 903 STD(5,24:7,24) 658 SUM(14,10:30,42) 994 696 136 AVG(17,16:22,17) 874 879 SUM(30,37:32,37) 114 946 AVG(1,17:2,17) 175 737 843 STD(35,18:38,19) SUM(5,8:5,13) 5 769 815 710 352 860 462 558 252 627 970 590 114 649 473 654 411 445 636 SUM(1,36:5,37) 792 868 231 STD(25,35:32,39) 779 440 696 523
73 448 699 STD(18,6:22,12) 1000 307 956 588 135 371 STD(15,33:15,34) 201 861 218 989 95 128 712 615 598 SUM(15,26:21,27) 956 597 475 20 151 547 453 903 616 329 745 941 135 723 384 926 SUM(15,11:15,12) 828 STD(15,31:15,35) 493 435 745 940 967 479 165 773 220 852
691 377 822 797 890 730 STD(37,26:37,27) 363 156 194 275 426 812 653 507 312 439 255 848 519 AVG(8,48:14,48) 606 521 965 19 928 791 SUM(30,33:34,33) 642 735 SUM(33,2:39,2) 439 513 462 375 330 325 AVG(38,34:38,36) 237 783 SUM(29,17:29,18) 999 AVG(8,41:9,42) 678 933 657 933 AVG(29,4:31,4) 345 553
166 STD(5,2:5,7) 635 886 792 STD(15,10:15,13) 172 740 178 298 59 797 981 STD(2,18:6,19) 933 451 SUM(13,16:19,18) STD(19,12:30,15) 987 465 919 SUM(37,14:37,33) AVG(5,37:5,40) 892 54 38 STD(2,21:2,23) 646 308 256 720 SUM(29,16:29,19) STD(24,38:25,38) 408 384 519 834 346 76 300 960 AVG(32,29:32,33) 587 389 64 491 75 924 982 867
41 SUM(10,17:17,18) AVG(30,7:30,28) 214 155 13 229 491 30 563 684 15 44 156 266 SUM(8,34:15,34) STD(11,20:12,21) 434 367 AVG(4,18:7,18) SUM(24,32:34,32) 168 1 540 671 233 409 493 543 321 338 879 243 SUM(8,44:14,44) 536 STD(2,50:10,50) 86 316 976 176 742 374 208 729 STD(2,29:4,29) 564 610 379 979 832
785 686 624 589 674 61 AVG(39,45:40,45) 677 496 914 871 451 308 540 AVG(36,5:36,20) STD(11,21:15,24) 590 798 SUM(27,11:28,13) 502 7 581 SUM(14,34:14,39) 588 836 70 303 375 702 798 326 787 327 593 123 158 STD(3,24:3,46) 435 161 783 961 501 419 518 AVG(14,1:15,1) 533 36 837 294 791
STD(8,13:9,25) 113 683 896 890 SUM(18,29:29,43) 186 639 578 AVG(24,25:25,25) 763 645 140 AVG(22,9:23,11) SUM(24,31:26,31) 132 896 125 755 898 874 265 282 STD(40,35:40,43) STD(26,32:36,38) 960 817 314 25 470 803 652 AVG(17,23:17,36) 624 320 264 809 SUM(10,11:10,18) 584 675 529 451 773 835 AVG(15,14:16,14) SUM(18,40:31,40) 153 SUM(8,46:8,48) 772 513
SUM(5,46:7,46) 915 AVG(18,5:18,19) 206 653 360 AVG(32,15:34,15) SUM(24,34:28,36) 943 601 652 STD(12,22:15,23) 916 673 181 STD(29,10:29,24) 235 666 AVG(21,7:24,9) 807 602 188 AVG(26,5:26,9) 670 596 405 STD(26,10:28,10) 685 507 554 SUM(28,39:28,41) 850 14 687 STD(27,40:28,41) 578 914 492 AVG(23,18:23,19) 806 858 377 AVG(1,36:1,40) 339 SUM(27,40:28,41) 446 899 207 526 498
AVG(6,45:11,46) 485 574 STD(12,14:13,22) 910 SUM(34,32:34,34) 1 669 889 212 42 SUM(17,23:19,24) 535 23 899 449 SUM(12,28:24,28) 882 167 56 194 439 235 597 544 170 273 SUM(1,46:13,46) 610 721 35 STD(27,11:29,12) 612 AVG(36,4:37,4) 739 145 479 475 STD(25,13:30,13) SUM(1,39:5,39) 378 620 616 312 952 555 SUM(23,13:33,13) SUM(29,18:29,25) 361 312
420 181 554 AVG(18,43:18,44) 599 238 910 476 890 290 304 AVG(11,19:26,19) AVG(34,11:35,11) 645 AVG(29,20:29,22) 704 865 AVG(32,14:32,15) 26 803 936 984 519 74 934 220 353 STD(1,29:1,45) 110 707 207 227 460 736 921 857 693 AVG(2,8:2,10) 322 853 386 655 368 212 SUM(21,40:25,40) 453 490 SUM(1,3:1,5) 712 567
STD(8,18:19,18) 229 180 AVG(12,5:12,8) SUM(4,41:20,44) SUM(8,10:10,10) 286 345 263 STD(7,43:8,46) 274 788 285 SUM(40,42:40,50) 525 STD(9,35:9,37) 984 585 421 715 642 STD(19,46:20,48) 821 161 745 SUM(33,11:34,17) 159 930 21 41 332 327 STD(27,7:34,7) 812 686 513 759 STD(3,43:7,46) 770 208 301 SUM(32,32:33,35) 652 656 STD(19,29:20,30) 644 859 AVG(1,19:2,21) SUM(30,20:30,30) 646
622 305 13 451 771 611 252 501 AVG(3,27:3,35) 145 101 170 917 962 STD(7,40:10,40) 244 885 79 810 143 731 556 AVG(32,10:37,15) 721 698 AVG(13,23:19,24) 656 201 692 STD(17,50:25,50) 338 992 663 909 117 692 247 767 55 795 881 655 946 AVG(3,8:40,11) SUM(27,30:35,32) 861 888 678 770 267
80 922 662 478 184 785 390 AVG(5,2:5,3) 9 73 62 357 552 499 SUM(17,13:18,16) 977 18 95 366 949 874 874 465 624 138 671 AVG(28,41:28,42) 443 868 983 302 605 334 475 956 AVG(31,36:33,37) 960 611 633 189 STD(20,7:23,7) 94 449 SUM(10,18:10,34) 444 168 69 88 STD(28,35:30,39) STD(9,42:9,45)
411 722 504 393 630 332 980 393 STD(18,24:18,27) 614 632 198 53 716 868 662 761 125 435 266 STD(20,7:29,7) 200 889 232 61 595 54 194 569 351 SUM(23,2:25,2) 627 978 126 SUM(35,37:35,38) 499 60 STD(19,41:19,44) 669 514 175 942 779 650 57 267 80 213 STD(23,5:23,8) 293
199 AVG(13,8:24,8) 42 857 SUM(31,13:31,17) 688 SUM(19,10:19,11) 322 243 SUM(36,37:40,37) 314 AVG(21,13:22,14) 200 825 199 33 977 STD(4,13:7,15) SUM(23,37:26,42) 103 913 SUM(9,32:11,33) 766 316 292 SUM(1,23:2,23) STD(17,25:27,38) 858 108 251 25 15 759 262 505 494 721 995 839 695 322 189 469 AVG(4,37:19,37) 829 851 545 76 STD(16,31:32,45) 34
AVG(18,11:19,12) 687 76 735 298 873 613 STD(12,10:13,40) 643 SUM(10,42:14,43) 483 472 313 189 985 213 698 110 STD(20,25:20,26) SUM(8,43:16,43) 61 AVG(6,41:18,45) 272 497 153 AVG(28,39:31,39) 965 633 AVG(3,7:4,7) 774 975 493 346 80 86 10 782 SUM(8,11:8,16) AVG(2,33:3,34) STD(13,2:20,2) 562 471 173 AVG(21,40:23,40) 705 717 AVG(14,8:23,8) 733 572 375
928 187 240 117 865 568 687 383 433 SUM(9,43:10,46) 268 98 878 717 922 STD(5,15:6,16) 628 505 192 758 549 841 311 SUM(37,19:40,20) 321 SUM(29,27:29,32) 872 946 STD(18,12:18,36) 26 411 301 SUM(13,11:13,14) 358 558 955 325 710 898 19 762 AVG(16,24:16,46) 49 209 AVG(17,32:22,37) 698 964 621 741 140
115 989 SUM(27,11:36,18) AVG(12,29:12,30) SUM(11,42:13,43) 343 SUM(25,7:31,7) 536 413 SUM(14,1:14,3) 597 906 617 629 135 323 STD(11,28:16,28) 856 613 SUM(16,26:18,26) 841 961 178 481 301 249 260 479 20 974 581 385 452 STD(32,33:33,33) 998 925 644 682 25 284 365 STD(35,23:35,30) 652 521 360 AVG(12,5:12,8) 91 628 851 STD(16,36:16,38)
399 233 6 774 109 923 729 921 684 801 288 SUM(20,36:20,41) 900 STD(3,43:6,46) AVG(38,17:40,17) 107 179 893 239 659 SUM(24,10:33,12) 553 AVG(24,32:25,49) 632 1 258 497 631 SUM(2,46:3,46) 701 784 227 539 STD(20,8:22,11) 722 666 119 474 135 898 259 246 STD(15,33:17,33) SUM(13,2:13,5) 54 304 704 855 559 200
AVG(30,11:37,18) 27 757 135 294 SUM(1,9:2,9) 373 227 114 980 AVG(4,41:10,43) 424 199 279 812 764 240 726 330 SUM(23,37:29,37) 5 657 29 962 AVG(3,25:7,26) 454 755 466 AVG(5,46:16,47) AVG(15,30:19,43) 758 SUM(23,43:39,43) STD(24,39:25,41) STD(1,14:6,17) 860 533 954 541 785 641 127 14 898 688 89 AVG(13,47:20,49) 87 555 26 55
SUM(2,36:2,40) 903 420 224 458 580 905 STD(10,14:26,28) 101 386 981 174 SUM(6,39:9,39) STD(7,6:7,16) 275 645 18 784 993 688 SUM(25,24:25,40) 456 SUM(8,42:17,48) 348 967 485 654 SUM(31,40:37,40) 957 517 824 2 728 337 STD(29,12:30,28) 626 584 211 153 SUM(2,47:4,47) STD(20,46:31,47) 47 994 AVG(32,17:39,22) 114 SUM(7,5:7,6) 297 562 AVG(29,22:30,32) 128
328 680 441 15 703 510 SUM(5,24:9,25) 51 588 918 AVG(23,28:23,47) AVG(4,43:30,43) AVG(40,37:40,38) 828 SUM(11,23:13,23) 251 769 248 475 531 STD(10,22:11,22) 457 854 321 STD(32,38:35,38) 527 20 157 436 925 214 575 12 734 936 264 710 377 666 SUM(37,25:40,34) AVG(13,9:13,10) AVG(33,1:34,1) SUM(5,18:6,18) 917 SUM(11,5:12,6) 212 171 364 811 AVG(1,39:8,40)
136 844 1 80 982 STD(4,34:4,49) STD(6,18:7,19) 649 52 888 111 STD(11,10:11,14) 71 STD(8,7:11,7) 57 574 455 92 79 890 97 SUM(16,32:17,42) AVG(24,1:28,1) 491 216 766 880 302 506 206 902 607 479 AVG(19,29:27,33) AVG(24,2:28,3) SUM(27,27:29,27) 572 360 SUM(11,21:12,21) 967 200 888 853 564 876 850 321 SUM(23,7:24,7) 896 46
33 AVG(26,17:30,17) 406 514 407 230 907 STD(19,3:27,3) 994 533 SUM(37,27:40,31) 960 428 793 152 79 993 587 954 836 642 10 SUM(11,37:20,39) 30 91 696 719 51 479 4 STD(16,4:19,4) 212 231 STD(26,29:27,48) 175 AVG(28,39:28,40) 688 828 852 890 560 672 902 638 787 667 26 213 STD(9,21:13,21) 854
