202.00 531.00 14.00 215.00 138.00 14356.50 796.00 152.00 722.59 345.00 267.00 339.00 745.00 85.00 370.41 505.50 918.00 508.00 496.00 134.00 817.00 889.00 565.00 806.00 31.00 997.00 258.00 614.00 3653.00 973.00
461.00 236.00 578.00 922.00 280.00 494.00 444.00 80.00 983.00 191.32 556.00 238.27 3783.79 2782.53 859.00 206.00 32.00 652.00 865.00 5455.42 93.00 671.00 878.00 1009.50 325.06 951.00 585.57 280.62 890.00 718.00
78.00 88625.30 575.00 960.00 3558.47 111.00 510.00 344.00 441.00 436.00 595.00 356.00 1532.00 787.00 462.00 839.00 957.00 688.00 178.00 629.00 511.22 761.00 630.00 153.00 665.00 644.00 513.00 692.00 259.00 261.00
149.00 127.16 3990.77 698.00 774.00 1541.53 102.00 795.00 40.00 56.00 916.00 17.00 419.00 451.00 371.00 392.00 973.00 170.00 1406.61 187.00 141.00 488.00 473.00 121.00 213.50 293.00 22.00 264.33 371.00 354.00
413.00 977.00 983.00 769.00 826.00 531.00 601.00 6141.18 690.00 182.97 318.50 581.00 957.00 218.18 179.00 907.00 403.67 382.00 571.00 49.00 991.00 3401.00 423.67 270.00 73.00 906.00 817.00 319.00 436.78 730.00
749.85 861.00 727.00 743.00 86.00 271.23 143.00 912.00 916.00 230.03 844.00 1648.16 191.00 908.00 68.00 769.00 675.00 2962.11 263.50 757.00 343.00 462.00 335.00 752.00 691.50 905.00 655.00 923.00 19364.94 686.00
795.00 776.00 987.00 508.00 51.00 182.00 177.00 443.00 205.10 256.00 730.00 134.00 336.00 971.00 602.00 269.42 288.00 410.00 336.00 714.00 301.77 50.00 529.00 854.00 573.00 1659.79 781.00 699.00 68.00 426.00
43.00 746.00 616.00 0.50 264.00 415.00 400.00 541.97 741.00 3891.19 372.00 910.00 172.00 550.00 123.00 151.00 13455.80 2409.88 683.00 739.00 48.00 5110.42 309.00 762.00 1783.40 486.00 207.00 128.00 955.00 387.00
632.00 164.00 395.00 814.00 171.00 788.00 830.00 231.75 615.00 287.00 591.00 291.10 743.00 799.00 714.00 4236.00 247.00 876.00 345.50 813.00 683.00 708.00 645.00 282.00 1446.77 3193.93 675.00 241.00 379.59 316.00
99.67 525.00 497.98 353.00 960.00 1383.00 996.00 733.00 403.00 293.09 358.00 826.00 583.00 919.00 895.00 260.00 844.00 437.00 664.00 660.00 180.00 974.00 1218.00 797.08 50.00 685.00 247.40 499.00 211.00 141.00
321.00 65.00 219.75 2004.50 982.00 719.00 502.66 626.00 889.00 595.00 143.00 899.00 568.00 545.00 936.00 341.00 377.00 295.00 626.00 629.00 36.00 102.00 57945.52 179.00 20.00 773.00 139.00 259.84 421.00 708.00
366.00 473.00 246.00 279.75 452.33 286.00 1618.00 368.00 449.75 752.00 714.23 445.00 1398.00 43.00 115.00 615.00 268.64 242.00 514.00 918.00 185.00 623.79 665.00 636.00 47.00 2120.21 807.00 44.00 833.00 895.00
7081.25 136.00 819.00 754.00 136.00 351.00 3713.00 901.00 631.00 859.00 186.05 5671.17 220.00 755.00 171.56 266.00 288.55 356.00 282.00 135.00 870.00 784.00 639.00 607.00 220.00 64.00 644.00 221.00 882.00 2387.00
740.00 474.43 915.00 433.00 89.50 720.00 18931.51 464.00 917.00 652.00 838.00 362.80 257.00 51.00 248.31 168.00 385.00 654.00 255.00 662.00 386.18 805.00 176.00 553.36 432.95 954.00 3648.50 5807.00 694.00 187.00
329.78 575.00 465.00 710.13 102.00 76.00 418.00 576.98 432.33 789.00 212.72 115.00 434.00 98.00 657.00 852.00 810.00 814.00 984.00 802.00 255.00 819.00 64.00 231.75 570.00 748.00 247.00 634.00 6138.42 467.00
1175.35 6859.58 630.00 254.72 343.00 724.00 862.00 233.00 660.00 1581.00 279.00 14.00 625.00 785.00 874.00 148.00 671.00 885.00 298.26 281.00 196.00 1348.31 390.00 375.00 18254.04 448.00 659.00 723.33 944.00 829.00
2916.89 317.00 769.26 16899.71 386.00 258.17 897.00 486.00 739.00 6.00 831.00 637.00 483.00 447.00 432.00 523.00 23.00 120.00 541.00 2683.16 175.00 565.00 393.00 375.00 303.00 840.00 774.00 735.00 2441.50 580.00
588.00 417.58 700.00 866.00 797.00 531.00 434.00 949.00 123.00 201.00 289.00 199.00 647.00 337.00 274.06 371.00 134.00 131.00 455.00 160.00 868.00 409.00 275.00 2394.00 1104.41 381.00 646.20 93.00 332.00 536.00
59.50 909.00 19.00 14241.22 487.00 623.00 433.46 82.00 102.00 603.40 975.00 527.00 17.00 153.00 35858.11 371.00 1134.00 490.00 914.00 417.38 928.00 223.00 240.00 599.67 926.00 729.00 468.00 884.00 25.00 422.00
656.00 631.00 40034.45 252.50 942.00 291.00 798.00 485.00 1854.94 419.00 287.87 411.00 136.00 710.00 993.00 695.83 942.00 306.00 594.26 450.67 385.00 112.00 296.00 426.00 930.00 549.00 891.00 393.00 134.00 599.00
53.00 988.00 171.66 351.00 809.00 958.00 613.00 807.00 788.00 957.40 679.00 563.00 515.00 423.83 151.00 402.00 467.00 687.00 201.00 5.00 54.00 551.00 467.00 416.00 196.00 397.83 272.00 976.00 903.00 26.00
273.00 490.00 607.00 156.00 530.00 909.75 884.00 220.00 280.00 400.41 330.00 94.00 435.00 446.00 206.00 93.00 1567.50 295.34 25101.33 626.00 482.00 146.08 432.50 820.00 817.00 808.00 130.00 482.00 477.00 239.00
400.00 371.06 621.00 14028.88 722.00 127.77 771.00 220.00 828.00 947.00 855.00 145.00 301.77 587.00 397.00 671.00 743.00 742.00 131.50 306.00 361.94 406.00 573.83 544.00 203.00 382.00 586.00 2748.33 208.00 940.00
624.00 586.00 81.00 299.00 332.00 537.00 823.00 522.00 777.00 914.00 7477.82 983.00 131.00 499.22 154.00 970.00 376.00 190.00 691.00 610.00 567.00 110.00 510.75 427.00 112.00 612.00 843.00 851.00 160.00 992.00
430.00 5300.08 434.00 937.00 854.00 782.00 95.00 626.00 374.00 180.00 802.00 327.50 220.00 151.00 131.00 416.54 369.00 769.03 226.25 143.00 536.00 282.00 135.00 974.00 558.00 682.00 704.00 560.00 661.00 640.00
617.00 898.00 60.00 482.00 261.37 2706.30 4800.50 705.00 17.00 348.00 108.00 537.00 839.00 653.00 229.00 475.00 139.00 553.00 234.00 501.75 258.80 501.00 273.00 741.00 590.00 947.00 391.80 617.00 107.00 667.00
341.00 841.00 950.00 593.00 653.00 848.00 506.00 21.00 257.00 10.00 763.00 883.00 107.00 229.50 377.50 4037.83 392.00 27.00 418.80 265.00 1163.02 775.00 883.00 884.00 709.00 441.00 353.00 680.00 975.00 936.00
793.00 157.50 2829.51 774.00 270.00 318.00 149.00 473.00 599.50 622.19 92.00 310.00 393.33 372.00 604.00 393.00 143.00 961.00 792.00 125.50 477.00 688.00 277.00 405.33 312.00 145.11 376.00 967.00 874.00 597.00
43.00 128.00 646.17 689.00 266.39 328.00 678.42 805.00 879.00 286.58 605.00 263.48 860.00 238.00 434.00 1559.00 865.69 437.00 2084.50 984.00 585.00 992.00 893.00 486.00 565.00 398.00 75.00 388.00 300.00 404.40
702.00 643.00 717.00 556.00 416.00 316.00 409.00 5.00 174.00 50.00 841.00 79.00 240.00 214.00 858.00 22.00 98.00 864.00 372.00 500.00 311.00 486.00 737.00 4260.50 980.00 947.00 11954.42 2178.42 208.89 831.00
46.00 4105.00 1583.00 940.00 692.00 402.00 700.00 110.00 2955.22 158.00 316.00 586.00 815.00 736.00 170.50 1322.60 590.00 846.00 365.00 975.00 944.00 628.00 22.00 9777.71 663.00 366.50 323.00 640.67 840.00 559.31
447.00 375.00 378.00 237.13 653.00 79.00 1009.49 824.00 248.00 530.00 20.00 210.00 2306.00 71.25 260.37 250.88 256.00 967.00 83.00 44.00 469.00 97.00 537.00 73.00 140.00 914.00 772.00 46.00 143.96 249.00
339.00 807.00 196.00 8203.90 1682.00 250.00 615.00 471.00 13.00 1393.54 260.72 825.00 5041.57 930.00 111.50 929.00 580.00 330.00 48.00 773.00 754.33 223.00 734.00 539.00 495.00 982.00 56.00 800.00 646.00 501.00
501.00 21618.48 721.00 301.00 993.00 985.34 377.23 232.57 546.00 786.00 225.00 620.31 265.00 102.00 871.00 25.50 377.00 385.00 312.00 478.00 703.00 1521.00 565.00 372.50 731.02 971.00 396.00 435.00 763.00 904.00
856.00 324.00 358.00 318.00 7091.52 768.00 598.00 15.00 551.00 532.00 92.00 867.00 855.00 543.00 601.56 475.00 387.33 737.00 745.00 444.30 1278.00 36.00 966.00 7897.58 462.00 441.00 16670.17 289.00 253.00 905.00
421.75 633.00 123.00 990.00 762.00 482.00 649.64 443.91 589.00 125.85 419.00 820.00 206.87 103.50 118.00 779.00 821.00 844.00 2224.40 1475.00 636.00 560.00 304.00 3105.00 686.52 355.00 336.00 611.13 767.00 1714.00
504.00 241.00 1423.50 532.25 259.00 707.50 30.00 465.18 323.00 4527.54 15.00 18.00 617.00 921.00 558.00 1377.58 632.37 641.25 634.00 404.00 723.00 251.00 322.00 959.00 643.00 390.00 8.00 380.00 568.00 141.00
907.00 477.00 391.00 231.98 436.00 917.00 603.00 1381.88 658.67 328.00 157.00 208.00 24.00 980.00 284.00 151.88 299.52 1257.08 87.00 444.00 656.00 649.00 524.44 92.00 335.00 558.00 170.00 474.00 1301.77 375.00
997.00 842.33 233.00 51.00 895.00 303.00 641.00 607.00 711.50 937.00 219.96 683.50 41.00 533.00 832.65 598.00 550.00 546.00 143.00 380.00 530.00 1009.49 169.00 420.00 4661.18 404.00 405.00 538.00 388.00 373.00
2877.00 609.00 322.00 397.96 638.00 223.09 235.25 892.00 529.00 21421.98 644.00 967.00 585.00 850.00 1225.00 852.00 956.00 761.00 604.00 564.00 454.50 993.00 20.00 970.00 849.00 1582.91 547.53 589.00 744.00 715.00
