30 30 30
1 15 53814
2 8 31662
3 9 6276
4 5 33248
5 3 6752
6 12 2669
7 20 42797
8 16 22891
9 13 98296
10 16 28836
11 17 49434
12 11 43808
13 14 73670
14 26 19391
15 9 42603
16 27 3694
17 14 17688
18 28 39976
19 28 6721
20 21 32211
21 28 48513
22 29 26809
23 14 40056
24 2 19584
25 12 54500
26 15 65760
27 22 64177
28 22 1522
29 17 67540
30 27 70242
6 24 5 4
9 27 5 2
5 16 3 1
11 24 4 2
8 23 2 1
10 24 1 0
18 29 3 1
3 19 5 0
17 26 1 0
7 19 4 0
11 20 3 0
21 30 2 0
5 19 3 2
7 25 3 1
11 29 4 3
3 12 3 2
15 25 1 0
7 26 5 3
5 20 3 0
10 22 4 3
3 25 3 0
5 18 2 0
1 10 3 1
7 18 2 0
2 26 3 2
14 23 2 0
8 19 1 0
4 14 1 0
2 25 3 1
3 29 1 0
