30 30 30
1 11 32678
2 1 80266
3 3 70337
4 24 82142
5 16 69316
6 4 9775
7 3 28291
8 7 81751
9 21 50726
10 17 5847
11 8 97552
12 1 88252
13 18 91476
14 25 93655
15 25 37588
16 2 69721
17 14 2795
18 15 83548
19 18 41804
20 17 64239
21 29 71977
22 2 82273
23 26 21556
24 18 38491
25 9 33768
26 9 15196
27 20 29137
28 2 74567
29 1 15185
30 17 36376
12 30 4 0
7 20 1 0
4 29 7 3
16 27 1 0
12 22 1 0
6 27 3 2
6 15 2 1
4 27 4 0
1 17 1 0
10 23 1 0
3 24 1 0
5 29 4 2
3 23 2 0
5 16 1 0
7 25 5 4
3 30 2 1
13 22 2 0
5 22 4 1
4 29 5 1
5 20 1 0
13 28 1 0
8 25 3 0
1 25 4 3
5 25 1 0
12 30 1 0
4 27 4 1
14 24 2 0
17 28 4 0
10 30 4 2
6 18 1 0
