44894050
34662733
44141729
92774113
99208727
91919833
23727681
10003409
55933381
54443275
13584702
96523685
50682833
61562613
62380975
20311684
93200452
23101945
42192880
28992561
18460278
19186537
58465301
1111066
62680429
23721241
20277631
91708977
57514737
3981786
81541612
7346443
93154608
19709455
37446968
17703080
72378958
66200696
30610382
89586343
33152171
67040930
35696683
63242065
99948221
96233367
52593493
98263070
1418023
74816705
89375940
58405334
96731602
84089545
16866794
94737626
1673442
70548494
13638168
8163691
11106566
64375392
40267902
897705
56447313
54532235
94738425
66642634
83219544
40546096
66924991
20592606
96037590
73434467
70896866
91025618
57892091
8487641
32500082
84412833
23311447
38380409
79957822
72971538
69645784
91863314
73099909
93209260
83461794
81378487
30423273
22233715
32232841
26716521
3511221
29196547
58263562
56233305
52547525
55812835
87253244
52484232
80837360
94098464
52028151
53267501
66381929
84381316
59788467
9683688
67082008
71605255
80654064
21434307
45286643
76556656
82465821
57367208
79218980
48460468
59170479
46046391
43043164
96544490
83340521
70837892
18926791
40818286
28936302
11489524
51031183
73860337
13241219
9025448
10718828
76360986
26031606
76558053
97726139
46473415
48406387
23625539
86756012
35164187
49161302
78082834
35072237
8602486
29815841
56562216
77684187
81751704
20160464
50407962
27786415
19893526
934129
37759498
52636463
25666982
43262852
38393436
2581136
29323250
56950657
5898131
95286262
75574581
54057961
6703896
90758589
57782642
34492535
41919697
6395464
10993500
81212949
34017532
69569396
99009936
57129610
67401593
71044018
62076698
29533873
71936325
86874388
26545032
35695544
30433724
53127345
72887083
25390873
63711546
6923746
27783723
33199575
35929698
16491251
18276792
62744775
92096155
6336570
56141974
73007273
31416832
171057
64176982
46938647
58460388
69972026
73724304
27435484
51568616
15531822
47788699
11818851
41594694
83561325
43107163
56965375
10557343
26118061
74650126
90076467
10657376
49901436
3425162
61164599
15797769
5427896
14444084
36795868
18079449
59653393
72942548
6763077
33895610
94892653
12085268
65174140
79567366
23020126
74290047
13498869
21696323
27724594
54941003
38229841
7050068