15 50 150
8 13 72 66
14 15 22 96
9 15 31 17
4 11 46 20
1 11 13 26
7 15 44 78
13 14 47 98
3 8 94 27
7 9 37 80
11 14 34 68
3 13 45 13
1 10 55 93
4 11 99 81
2 14 63 44
5 12 74 29
9 10 40 31
3 10 71 48
11 14 85 58
5 9 86 86
3 14 35 9
8 10 51 52
8 14 35 99
1 8 65 100
4 6 100 52
2 10 51 17
2 13 22 17
5 13 89 99
6 11 87 64
5 7 47 69
1 11 66 41
1 9 2 9
4 13 26 14
11 14 13 24
4 10 85 59
11 15 32 81
4 10 6 5
3 12 35 45
11 13 15 67
1 11 100 28
6 15 95 36
8 15 31 50
3 13 70 43
1 13 60 5
9 14 69 18
11 14 63 5
9 13 28 72
8 13 24 14
3 9 81 42
7 14 3 19
5 6 47 1
